$ANSIBLE_VAULT;1.1;AES256
31313538643930623330313236646166323165616533393231643831336634303866646236353766
6266626266643061376464633134356533316564373865310a306531653861393031663039356531
64366339633864303762343037646231623837303636393539386363313139663063313135346431
3065316438306162310a373630653063396134376635323938373735656162326135313263653962
36386235623263386463393566663835666338336534663664623432633366363461363331346134
65353331333239666130626534643237636338396633363664653130356538303836643431396365
38363965343733643730383738346633303936656639343238393934333863373739356234643235
35343932323366356561373230373336373036316639373135643532313535316330613361396337
30663039366563636332613633663036326239323837383539386432373262376566383938643636
36323233306664643233343462326431373736656339633536366232386561633631363738366666
34323330336634396534366630346261616365323535346132383561376339303437356434343135
35666439616531363364626334363065363565343366356162343836633261303531326337653032
31623661376338363065623830653663613165613934393065643062656430663464623438303238
66393265306133353933616431343635613938373763313030363731346562333562323535393866
65663233376130613436656132613166646130386663643266346466636338333965383639353732
66636633393636653935313737653737316430666131363133386638643137336434313738623765
61616361323834643630626338616562376238373661376132326433633231623934376430323731
33333630316366313337626235313066626235306231353861326365353238623032653861666530
32376438373138666635363735336165643531663431383936373036393462356366323536386262
66343830323032616361306634343462623533633738333466336238653135666633366562393862
32323834616130643262333130613530373662646139336133383532376530313936393262623461
30626639623665373265313933336331616462613936306337383531333061396538663530333566
33663230373437316564373964376536333630366136356563636138626435663133366366386562
36303965626337633637366634313062633430616439316337663266663236366639653538643939
66633665643639363639663162386432353862373432633130343230353965653236616334326436
36363933346436303164333434316662323864366464646239353966373037383834303135323965
38663933376330636663646665626535616534626366393138353064636466613530323664346563
62663631636165336531303834393962623335376338663265356132346637633266616334613731
30636636626562343261373738343433346431356664333438623634393030353831323039643237
30343333333135316530643631366466666133363530363737623731346363313362663932306132
32386336313232336532623839313534643962376231623961643330303163353164363733356534
36623264653633396665343336363261623535326463653761323839363538353130646162633266
32386636633836393438303561326561633034613834653662646661323863363762366661313864
65346231306639326365323063663561353833383937646533373762646634646237396635343339
37316561623631303461376365306462323766353536633239326164386263616137653663633764
64656537366237316262623166626430316538653965333637666365626264666236396638323437
65373265323162623661653033336564626461343937346231616261363935313737653335653865
39336239613466373736643364633535303234383265323661343833313238393731346165323333
34303134333864393536373833373064306662653138646365633139396637393239356461653332
37396432343931633238653664373163333564663335653963343638663433656532376134363634
39633739663231366635373839303335306338636339663566393237383130653264386237656630
30653034616162373539616335333330326632336238383566306439616533313335316637363465
36646531393364396166323934363236363039336666623430396166323336666337356463306533
65623338333434376435306132313732353739383264313466363338353861643362663964613536
32656537336366653364623036346539613936666439393032616361373639366433383130396662
33656433613665353834373364366439336139643436633462646132626138383633343066313364
39303037326330373831356331396636386561653037306636316137633037386563616165623063
38303333306337643963646566303563333332646562306365626663653632393936313863656562
33303361626566333731383134356161623233623839653835366439363361633538623566323662
32363138346565323735646330376234636230653934666133363465333938663638393930376266
36343730386431373030643764633564333234303262356264613735623863623735653739353965
38363136663466366632363436363036353032643363616330366534306530303266646530616439
62646639393466343663303131303938623464326634393730336437383030373163386536346536
34326131653734636161303439316233663936653839326561633931336536643161303334633539
32353133313361353835656162613333383465373934346533366239333531626136633261373435
36653762383535343738363564313636353832663162383862376363373031613032636531303965
61326664313864313037316138313866373834653030646666353734643833346231373434323937
36366536616635626537646531396264656439666131663635616336643037646563663538393639
37343632336666323166636339646461383236643461383939326635623262353462646438373963
30383530613231333365386461343232353838626462353261393232383536306433363864313961
65633137393838633033323634643731363636363264353834636439386430383864306366626530
34656362333337376564376235316236343734373063313433633865353539363239633135656265
61303963333035373864313766383661633134376165396166386563383439633035643231613862
35306137363039393664346331383830323532633765663433663361333738393630353163666436
32613833356334646330323462333164663761363363666539663262653530343162376333613562
62636635656565373934313531313936366165333333316131326264393636663866343266383132
37636335343133313032313362363461646132663864616534346535303133366565613434363566
61376339333663623636323135626539323461646164626465346531343236313634373734383537
66383563386636353935323961636165363731633634653234656139656264366530386561333731
66663438306138626562666166386633623730336561353135633765353762363466393061363065
62663033616164613332653661356237646261336231633536646366653066343930306530343633
38343433613830306461653833373730623831613664633539626262646664636134306566323436
39353133383533623737633934363934303165656534316637346366333261313738663164633265
39656132346434646539383564656365626139356630313564666561306237303333343435613766
32383834373638623162393830643261656164663363633231323261353538313938653231313166
34376636353537646238386534326636656232636664336566303931373162643566313933353631
64616536616266383238316263353232656332336364306230333263636638653162623865636330
30643461353038626561336664323238613864333065636639626635643230663533663562646365
62616239646532396139303565643739366564343038326134643763343935353831616235633934
64613231356535366465616331333038393333393432323331373765633830383830653264336439
61333439336334316436646236633039323739353439363633333331653265363332636264656230
39346230633738316138666162393834666564353763326431356164656266343630353832386438
36656431643831376538326131666163326436393536303462333365313964396136343730353839
36303630333633616630386566656264356239653230633634333665376134613964653333363662
38666262656539646134323462326230333937626164643837666538646661393833653532633134
61616638346164343166323131636230363237663239333335376161343333643832393264356331
64613730616265376134346661623935636164316636366663316230623761393838306666313738
62616465323234326132393032343538666563383938643236653434633765313765303066383230
32333034633236643939326635656230653631386666366430636639366230613530636564346536
63616237376333386466316166633038646664326433373362333933636338656166393436303134
32633862633662326439326431376531613638393030653665633233633161363939363261376436
65626634663266646436313238663562343962396135336435323539383164306134363439653838
63333333333133333465663532383133656237376661663438343134343565343462313465313335
39323835666366623430666333306162336366623933316433663964623664306639356437383263
32616163363261343438333637623239616162646362396166653131613039313761346334383761
62366235386431643935316162623535333264333931366333326164373432313930613431353961
32636239663664333538366431336134353331333061386361333333313634383237326538663435
38656231656166373332376261346634366266333262326433356535356134346139636334613065
65316234316439343365376132613832316363393538303762623238616164396230326562396433
39326132336330333133306165613238656132633661306264356439373137343439666431383161
38643034383865623331316565396164333766613332633861383463313233656434623563636232
63623131613563396265336264353766343061396137636563653131323262313134393638373664
30363638646539353263366235323839303335313465323033663061323630626162623762636632
37633336373933373830666465643830393430396661663336633233653335643039373338663866
35373633633564613662376133613938646161373837383639373466626233376365306662366531
30303738376235393233363732613431313531306236626665336434663066623939386163636536
31346361643831383663336364366630623930356461373862373462303630363532373539323231
61353564373839353637626563666563653930663234636633383766353236383666326436326261
34386535343434376630356366323566646162343664376239613862653961663738623738353363
31373939636432383636393964363665323866623230393638616639303937343431346261346364
37383737666530336266653863373633656530303038343933663566323163353561393665373965
39393537636366633064396639326163393361343463316265636438333632356463343962373138
61663764643237636336383135323763353261643932323537313732633930353039386532663332
32623136316162636336613731656632376135393535393866333038636631613832393131363136
38653531323835663764616633323465363366316233346566386439623037623962353665613038
63306437636638663535643064303262353233353066633364616563663435396463363938643562
37343265653633646335323535333866653735313534393635653334666536616331316337373866
34626437643936666462306535633930343231626537646230323639633062636433356338643739
39376236323662363662356539613663316166313362393932616333333132356662346332306138
62356430323264343038616634386361323139373733386435323464303161643534343564643130
32373431353834646435393232383634663863643864643534383564383635326431396430366538
39653239313435633566613937646233356539306133313534363838363938356262656561373566
32366663356336313761306538323837353836323633313733363635356330653665633130386237
32643435366235363938343666383639613237663031663066623166373633303936626338613231
30393437626231653262366633326339623534623464323566306235306533306233656638623062
31653037373161663039626634636266663665333834306362396133396632663966376266663439
33633563376139623134353765376439356465316531333264393661333263646366636338656266
62313433366661643538343139633837346530363664666564363964366361663137373730653463
62613636613036646138666335383865336135616235386131336664623062313633326335373138
64326437346238363966316233653061643034613936386134333137363362323235623432656666
36386363623162366333373564353339366232386437333262346461383638636164393465356666
61666665376364386464316361393132653436343531383439363632646666623430383730643565
31396563666636333438353638663837386130636434373463346161636135613365656638656433
31623036373363353733653530303130333464376364376165366363353836613431306664643236
36613332653136613535643135383864373935333331323066363933636365333064383631613737
39656166656565643235323864396534616362393536323164343864633234376664313265653635
62393231303766653231316237323161373566613365333732376531386162313665613435646161
64383565313464633732386463653636356133663966313836323932656339656134376632313564
32333465633331656239396636363563393662373732643438616538323530613938663530393465
62303262323561366333633834396363363738336537363435616431313561376465633464356639
31653739376236643038366335373930326434666464623237383931393566636561313761333738
62373362633737633833313132363365316135323634323866383533343465663231303161393730
37623131653966313833303861303061333837326333666330636433313031653363663334373536
36633237613936313661363035653932653963666135623631613231616631356434613431323865
66663936366632643831653461623837333933646335386239356262633938666232303438623034
62356238613934333766323239306435386631663438363966383038323333323739363536306236
33376163666335316439366466363239333830386562303666666632623166653562323334323538
31336362666337633035633335633365383030383964393735376564346334393736363730346136
38356536666330373833363033323434323830333765626236373065626339333966666634613361
61643561333637386366373462396432666536646434386233626561626464616364663565643065
39373766353565303437663466333431356665633262613564393564363463643833316665353732
61633732383135646465356635366432356131383037323339353532656665646439306563366131
32616439626162336536636535363162666166623535613838636133613134333739643235663938
38666366343937643639353761613464636133653834336365323733653037366362666632303837
31386130343336626566653338623661643664366666386236613366383031386664366439323537
38636430646338363338343133666565666631653832306638613863376165623266326462656437
61376161333737613664303030366538393731613162356162623833303035656139633933633165
38376634643964343063333839666235623737393466363161363661333438623563393661326431
39386164636462646133656561323738653234646436653831626165373266643934633162313933
30366531623635626666343563613330383935333564396666623561326437363132656439663465
61653032326230366130613833303831393031363736633038366463343566356239353533633332
39623861636235633765633032646337396434623036616335323837656435343339656561396539
37666463336230653661353736626333306164373961373665616432393939336666343432316433
64393036643334306362613330343661616363343765663563303539373965356466646230623532
62326533356639343339613330356133303430633464653838373333373935633537353035313131
63346266386430383465303563386132626463643437323936643262356663323137393862656539
35353033623466386335613061373666303632666637646530326662353135663536383931663131
34343062326264376631346334653263376632623664666130383463633665666462616535396464
37663636343537366339613333376461353461363033626561353731633665376232363566333835
62363332656136633535313331636338383630376262623433363062636132353834623133356463
31313131393830636235336139643233623234663961376339646334316432373066396334323135
62666461666361633432663736306234653730633263396339333138656332356138333663336461
32396263373830323366326561316636386130393133656533383838656364653133
