$ANSIBLE_VAULT;1.1;AES256
33613162633931646530363362363364623966323939396466663030373932333638633439313632
6131653963316334623264623064333131333463613765610a636262366232383561663037636637
37333664356531353065646537636662366534376364303561626435393937306139653235306538
3464333736656432310a653062353663396266616132353362303063313032366266646631303438
30316162633866306535633562346238323635326636366330306530643838663136656334633663
65636266653535373632363837643163313535356364373038346138343737616566323233313566
31363863356462306334383132346639613664363665643931336438643864373963613034343038
63316239306532373831313835646163316166633165333566326236656164636538656235316264
64383461653934656662363763336232373232396336393234303866666430623137323932396334
30613366646337643863346234643335643466356431356363656539366537613134316336356630
30343162623232376638353535643135623461653762643233646364326566333539643935376437
62323562303864653236646231663163613433363130356166306533646537663630353463323062
61383533316539646636303066373165393635636565383063366165653336616131356634666135
34633164666336613531333731623762333938656564643661343664386439386630356161663433
33313265313865363439373833343436643036333437623432653633616132303130663230343463
33643262656363643034633736633566616435373238356263373465346531623165363838653264
31306565343230646261366134316635363638326336383737323764373566303762393966373862
61646365363134323539393062313162616562376433613137623433373661626666306565656239
65383434323839616630323930363136363132333433343766643333363964333634373764636537
31643831623638366533633664633432636335363836643838663636393736326630646462663038
31623138306463356139373330313239303132633336386139313036333433323236323564303137
31616562346134336363376233633463303461343264316230363263363165353530643934386639
30313530623263396337636532363662633032343433643837313539646333666237636431323837
63613566626266646536646636663265363731643133326136366637343935336431653832373066
36306161383532396364343165646465646331333163623633333737346566393865613033306561
34316336343431633132663061373064336234376535613837313938343332663065366263346135
65366630346130396231303430646430353566333162613832353566363561353663326337626130
35653536376461653865316565616633636166383638623332616530383535656439393262613933
30303261366335333535383836623139356138356335323838636633653938646563343566343164
35383762383434393839353430396365393436376366323738643332633230646436383263333136
66396435333632333538663862646261646266366530323261663764343436313964303864346138
63636261366238393038633466393961623063613232303632356436373239626636653933353533
63333236643662366262356665356537393361373132323062343939636565393635343939376236
38646238636138333163353133346462623766653837623033343031356235666266643333336466
37316562616262373362343162306631393463633630313132386364653561623763323662356536
35343534383933613466326132616638656330313866656238626334323764663661386636666663
65393836663132336430393930356136316434316537343430353662376435623762303730326632
65623463363736303164646338633232613065366261316436653263613662346530396336636533
30306432393537393539303131323962396630623964326437646464313832633036376238366334
39313733626663626463346539303065643336623836303636613633353934393739623738313164
33653837613134323766643962623866333765386463646131623135623434363932393936323362
33323963336137313433656266346433386634323234363836646435333333613563326439393834
65306266306364663965343638393935306565373539303765343333393137363363666531303766
37396535396233656633363237363937333431353032613630386661346130363563343237613161
61663430663361313063653830353363376537356464303831333665663232316431616530666531
31313632666231373463346335306364333637303338376365396561653563303630363366613534
34343262383534623833343331396536646139343433326533643530383135623136336334356233
32656664363336653035393064356638626333363064623431353461343431373735656432346235
33386136363535373437343362623837656364336239393337666163363066666265333930376664
30383963656537306538386633656238326331313036613536336465343134633364313263353064
33333162353434626438613938363938363233383861393933643761613036396662626530616136
66303531326535343535376331356431633565646266363165643537376238333931323939373064
38366164376538653337643639356133393164663532643862323136666236333031303832366632
61653535316637626564323934316462383362613439366438353137646661356537623532626238
36353066613131663265343533633736336238363866333437616461653933633161373365393531
33303665393662326139386233613936623936353137623535343762613738653262623336653138
31663531323062303538326336313564373463613433326135393966623437373065363261616661
66653964336164363234386633613235653965393831623133623163623561313630333337613431
63303839323730303164663837356163633036373561613639626366336265626235333031653366
30323431373739663163633430376261303334353933636635353164343035663939663966366339
33376263353238646232613962333061323235326136353132373165653338616635396331396130
66313166356133393935616264323266643066383530383839346564343936663139363863396636
38303765653231626262326537306265396264353239323231646330623932323166376637343466
66326134646331656239313565613335663038393563633630313036626262396330393432346434
35623037373435666661636262323432393664633537666163626462623666656539613932343533
37346262333463346333373736383866636137373236633532353037383032656263363031386431
34386265616364623763353838643066383739663439656333636234323165336231663633376338
35353938366333323536633434663063636234393562353863303730613234333566373830663431
35346430646262613364376461383836633236633966326531663135306431633336356334353137
33306138393936303633326431313439336539616166313265653436636161313239653164313734
34323935363430353637343630343762633638623030623361333564613062623664366562326436
37373064396337326337643735343066323532326566346535333931303465333135316633636235
62356336346464666161643764323130396233353937383831326531646337326634656632653839
37666665333436383330343231326361636630396461633438613439373239643937626665393939
31306363396435333633353066396331353138326466383636313536653932623436326137633466
63343964323633656563623031393730613337653737393833303361623330306138393332663161
61303639393032383430646631626562623361646666303531643963613565336434616537633439
65613534333465336164336263303565366164336135303134623534663735303533613365373161
34653338353338313965623630303132393862306339343134623133636162306461376638356137
31633737643163323062376239386230303961376361333539653831343736646132373739613534
38613637373239653637356561623631623064633364366332316130333730343661366538363961
61346466373961636361346337343566396432383461353435653934613839346365333666393730
62393838643661653539306230613161303637613636376433653531303936323839643731643364
30623737656562313132663534343566623737666135326439323536356566323464316238376232
37623664633230356365623235313336633965323035373634303530343038613531613035613162
62313161373062323461393663663438643130353830353236663131366464343962653538303466
36623834363430663439396537326336383538326665346634306365393037646236623736643339
37663862643865396639316161376539363666376135616536336434653964616633323736353565
32366537336535383166336362383230643935366233343661366536616236363435313435326561
65643233353430333932396666643539656261383765656332346436393635663865383566373833
33636235626262663966616338316361303262653134373931303362613865363237363033373737
32666638313662323538666533313664303666363866323833353035356238333338663463313361
61363535313539383334353735306361313831383365616632393465396130636636326266346662
64363263623434663161373461613934623634616335306664323563613362396439633532643431
63633035346431336136653730366139323965643161346533363162373364336530383062383139
66376238326361373336396436633438313939306633396465623236656539653266326665376637
36626332366364623737393239666631363039313936393462373731356166346430663432353534
39323438366433623962396333636464663839323632663266643436663533373265613937666330
61306661323139626566656538636137306465313736356538636535383739316265366137646465
66346437653066653264373666636139623661313663636437313333633631353033313731363563
63656564343263626366353638323330376566653535333730323232343265653739653732353362
38656564373866366635336466316166373435623764616163613337643633613437313339366136
37386231666463383664383735313464366333303136306533336565346664613636353934626262
30643334653137646631633331613265393031346561353838636336303833393132366637373736
35633933653536643630396366313265393664373431383932363830376261613436626535363466
33666137633332343436373664613139666563356530626636653662323632363130656637353330
34643939613665333535323565653338656263306666643930646332343737643335626330663530
34333533333339333838313637643233376433666337653365613538316434346635383335323838
65373763343038666131313264313666336333623162623231373961663138313665353662356435
62396530383830313635333633316266366433643633356437396364643139393966316535353265
37386531376237396266356361393935623366373236316332376239623739393064303735356238
66343038666438666466663130633538653630656136663763326336306563393339356562613062
33376664333230643964626335363833346264353639643633396130333137633462613936663265
33626332366234626432363062653665363361633339656135333334646461643130366338383362
61646164653466333835303430363631653632323732306136616464663463303939613039666461
64393864656331333531336430323162613036356363633637303834313137386261646434656138
64323962386633326635306561663335316539623033643930363331386562643362396565373166
63643031366362643363623535366232646233663065336230393838313863353230333532376238
62643364333835346432336165336466313961323934386262326661646662323831376266333734
38363261663235383332396266366633333233623132333637396533343838313834626565653533
63383437633937333064353262663331633939363265306463366131643963313466353337663239
36663563653164336561386632353039306239613064383534663734306234623335353936633636
63353138363861353563666138666630623334306239613765346337333836356537393062623738
33353633616161656564373364313835636334343039323333343730393463396538306536663765
34323538363336353535653833653531373238666461393636356236353565366663303433646536
30376264663337393230363164333533653731363837393165356265316262376437613165383562
63396265633334306166376162653335346665616133373163323634626634303539613731633931
35386333633061353539663233626665356332633361386163363437373964366463336334656364
36303664313439653066633164386635383734616631313665663337366366366136323438326437
36356638393339336161303035316162623134396334616266386234356533313431323064373964
63323738333038393565336332636366363331613139326665353066356461653438643138323264
38663466366435383863333962643338363737316364383065393635623838653035663864393230
64623263396632616164613630323766303961356135373964613135636638643863663030633638
64666138626565623636623766333761343135386464366238653465386537626438663563383537
35383431633830363364343433323961363865383037333132383431653562366333613966623530
39376564346432323265663536313939363464313963323837616261353531323931633631656136
30666439666335666163353061666536373635633937363635326161633066613734363334383733
62613139663162643461643738643431376632313464636535333633346364633438653562303937
39333963323336346333366236616461383633623733633232656137306634623661623639346264
31653231356539303331633731313136656230623562313038306365313834383039626636633963
30343363636461626362326663316135636638333661613964623635663831343038346162663735
37353834623838343436623963306634646330316566396635653563613830663061656531653930
33623961643932663362366634653332323137346130363436613834643063376133653331313062
62333031393863643264313338303939303231633163623461383662313836346232653565353734
34323336616432383764303636343030643561333561376331376261666566326438663363633636
31343166323830366162363335633539633563373633663839623363303465616634366232303133
39653666643666613734626437636633646231316666323933303237383165343363653164393838
36386231623164626563666436656362353165616539633734613937323162616138353766313439
34333130353463346539303836663135656630346439626463353034306634373638626662376339
33646539613030363134613837363638613766643831323033383930616337623134643033656134
36616236313161343736343365373264373038336466306164303430396562653634333262386435
34643838343232353834646632393432666364323236333239653265353739393661376132313738
36656130323866636662373263313731306131363262356637633862343432313566393864623665
32646164333061663563343932663034636163616335373438643530386665316233613538353130
32613637656137323736353031373438323231333762396133356439623339643238333763623734
37636631636263363832616566616162333931383161663435653536343332396233386434346530
65303135623263326162353238663130303661383930663534393765346131303937343066343538
39346361366330396266366532343064316236386636373161653334326437663535633839616163
62376430633161656263343564333266636433623139323135303562386137383139386564356237
63336465643835663930333861306562373233363931343063623234653332353665306461353231
31653164623630373165363134333234646630363438633931623263363561393631616532366535
34653064646134313933333465653166656636353830323765343837306365333464396338346635
66616336386237313033313136353235363863376235643237623464363838303132396666386234
38316437663139663233356634376533333231613165633930616337373765373238656163663861
39393534643839613236633830343332663835306130326433366161313831646331373565636631
65366137323137336464386461616131663234666537373832636166626533346438353839616635
30666238336530386330373664346239363138323539643731623635343138623664323461333365
63376161386131376232306130323937666230363834343162306366616434646433626631323763
36616261633139333938306665353330313764383338363864623936313062303061346131303736
35393939346165656663653665336430613666366238626164373638313033663062633337326166
63643533613536626630363734623634353930613630633833393164313764393466343362623463
34396561626333663134633662653436333264383834623334383138626363633365643034313732
63616165303536633430323566313666653436353831313530343630336536393461
