$ANSIBLE_VAULT;1.1;AES256
62323463336236346166623864346138306466373231633166333033653337323365316461343965
3565343030373232623832666438316639623035376131320a346136653263393830303862643037
66333935396366373433656461336161326538643138623961303031633732393264353363326165
3064383631383035620a366538353130353630643163363838326261663965663335623337363339
35363734363366626634303733353139343032646230653037333632326164323839333835386131
38663432306337333631383439643735613564656134346131653939613866353834633030373763
35353534663432393336363535363536636533646631366465303332323637656463643436366238
31663338633638323930343637323065363365653438393065373265663861646536333265393866
61613135353065613039643564323839353935303130666338386136366237633962666633323332
38663433663666663738366531323431663036383539666439636430336331366532643038373033
33643136656631376533393961636261363166333238366162336636383734323936393837363662
38653330363933633232316263393863653138336131336138666162303664623930376363386462
66643234396531376161353337353934353562663930386536393535663463663239656232623639
64656133393562303034383230386634363963386334353263373830626633363937356666353366
66363065383031643564316634396338663761636534623431376431353332613137323739303332
31633233363666633736373336613236346566333930646334396563643633633838623961343861
63616139666438633736383261363037393964393331333164326135663335336366613339323530
33613265376135653665656561373763363264663330326630666361363734663735616463663737
62343136646630626330363439626431353837613864643138383239356230623863316535323434
32396337316239653438316261373935656664616631643635323061313437613764376231663135
65663034323364343033613532356463313463646464643133303666313363303066383439633865
30343332303839396232323530316539323866313235666230333461626532323463626135396439
37636539303964653463373564386438666165353565376431363536353838316134306161373935
61366539353738633831666464613831663132376636363038353538383963333336656630366333
30373739636635356538376266653032623861633234383433636166636632383336616238626464
62363330613766326232396365663062376235303366656430306339656361376631303763663266
37356534323536363435363266666633353537623261356364336264383237663562383830316466
35386132613833306636396364303838363735646237616464623134303163313163313733376134
64633661353538653434363665313737613465316236616566646530386233313635356561656132
35383466656633303939383666653536663539386630623764346434653666616139633032333633
62656463626530366531666237323739373735633762666366353666316363363630646136653466
61383738653634393435643765373966376131383466336566633237356666626434373865323863
39363833633136623230616534383339353735323466376138313163643264393736626464663236
64346466633134326232653265306430346261363761356463653962393566373731663361303635
62616637303230373062333538653530633963333561343864626161633739653563366161313235
62656337353331393436363534376265643233393439313435313761313134396535343431666262
33323830656161643232613766363466306165356636393762656335666530613961303261333562
36363961303336356334306437663139356565643737653363353631383762346632386161356630
35373937333637633037383066396163363162363933303862303161613061633137366363656564
34643561333761363865366661373164306631643861303565646336663965393232376164653662
38646662396137373961666262353633333666613438396539303636303238633764303436356363
37653334356337353437343263393664376637353535643262393335366335343130303033333738
33346362396535663763643834333734346631316166353736386262333430396634346433356662
36363334623166613263626333663562323134336133366639626162306534636638303133653234
37303066346433393032373634303865386439623333393862646632653939643066336434393934
30383866633133313630396536626339343365623265656531393536313337666639633130363131
64653034303533663061333630383637643137363630303838333032633836373330366535316133
36633662626530323262623739346439343330653132333935303736316132346466303064333434
61353966343537643166646139373463383933633063323832643363376235636139376238353634
32393636643362313135353766643765623861613930356437353130666161376231643339333037
30326338636563376438343139623463366231646566393861656533643538343633366139343463
64333435326565303664623561333230633333393231646232323330623366386132613762623232
61306438663336323934393039666236323364396265343661366433646166313335363162616462
30356566636632636634353338353437653164393439306339386130636262353035303761363161
37643934616666373164666630323561643236373938366230346431633838353262393161353939
38303764626535376264383539643338383730393831633134343639653961626233633762303330
30336534373831663935613133373963636238386132656163316139323534643361393766376437
38353836383864643631376361633061383037643137356232653432316364353130666164363333
61316439626361396531613838326465626461613936623034623230633238353863393762616533
64353461643763653234333366623734303066653134303935383833313963656162346463366562
66626563326635306435663434346330396530336364343935393532393630626635633435393038
39626332656263623564356265376631613466653531653665643739623163663337623938316433
62323262636663386233643464326335636137373131356266626565356463303938626536623566
65346135636539306664386163616239323963363235386338373761663363633532353361303364
36613933656365633362386661316236383766353134363539343932623139323761316661313266
30623162336436383363353763663866393036393361316263323334643661666132626531313533
63393863303232313336333765383466663963386639393364323364653863646162303762313035
65306338633463343036393833366166636161616464366136373434323230653030363239656632
65336165623232393162653361323332636664643330376437653134663733346562373539346233
63363139303964626561373636386466376562663635313630666164343530363436343563623462
31666139633938383165303435383030656663353030353739306262343533663065643162383331
61343839336632303234373839393139653632653538633461323362613639616335646433613664
65363766343132626239373232613737306264353464636139373534643834656230643534646337
66336663393666616462656336613931333262306432333131646437663538323737383664383163
37363837306466626631626637633938626339653433316363663737373132656330623635616165
31316633643935346435313064303162613532633330376634386634613137373562313066376566
38656532316538663665383864383035303437346631653736626533316239623330656561663265
38323138626131393461346234376338306462353965663563383230386263343537613930626262
61616337636534333766316138316233303138626561383462336333626338323963366632626634
63346633383666623861656333323466663961326539323134303231306563653538396263346366
61376237393539663233356265653763353239323537643965623361666565396533393636363631
33633462633335646434626663376434663466353864376131633632326338643136303265326432
38363562323063393238383936303533643436613062393538386265366165643664366463363530
34656537653762623438653764633930643666663466326136636337333132396663633033393433
33306233316630356637363966383239633138373136653464626333633162346234366464663837
66666532323638343065363335653863393331643763623863396562623237666238303539666462
63326433313464333437666461336637313534356235376664386166343733373138306338666664
34333062333665626437633963306162373762336138666132393365306630353032353136363865
62653139323033316664313538343731643838626430663436613434333835396336333734323064
37323862666364333062623438373739376530613266666338646231653939363266623266656637
30613531343634306639396164353937326435336163633837363032373863643361383039656363
64653638333265313666643664633930373630363663613738363566363739366161346164306266
63303965303338636363623933383138313630663930623564393538326662333639373533306662
33366334666438383561346339313464626535616135313531666361643363323666316131373138
63396564313131306564303765633139336137386634663130646166303938643963336336623563
66373938363837613737306262396532663664353034646236396132313638386138303434663733
38303762633333346566636632643634316463386235306466366161623438373634353665396439
61363335313061313162366433313161396333306533346466373735363835623866633131363032
62303261643262656664363539623438653565376461656639393962616434653232366539646565
39366436313661346633363539636338373463663762363530663062653532636261303531396566
36373365343366316364613133656335386534633433373765383031363234653562373833393235
39303032316330333366326330396665333137383636383238326430626638346334353964636463
64333233626231366235323836323631636261633837393436333332663832323730616637373734
38376565643862393432383433313163323266623532366461323634646536323236376133316161
37353463613630386136626531373163636563306165353662373535663835313531313738383833
39363037643662353963323165663930653130393965393731653530663930306166323635643437
62313136353937313239376162646536346530313065306666323839383232366430383565346237
62353536333361623037623566663762333536666533323262383931313939363737626163313661
66366363346638353137313166623233333963653434363131656639363135393261336539616236
64626262366165373639303737623835613032656133653163333966343165623531623662626464
62313936653734383339396439666466306535323431356337646163633137653933386231353365
37653435353565303636613836656638396234393864373936653961353861646339316239393563
32353635363733333535666530383363346663616535626233373239386262303935623839346239
37373533386662303464616330326537646564323739323837356131343438306331363065646236
39643332636465373762316433623839326436343739366330326132383966373631633533313966
64376164633464653736366135396534396664646438353731333431356233353763386534303665
35626535646263653163323063386138646132393135653864383233626237313566656234306666
32366365343133366636366331383430613332326564323963613362383232303837656436386566
62363461363235386336353337326637343233396266366535633038313437326432313432633732
61636338333632653565383261366432346162393732343834386462363361623766646138363163
66353935363734656534333766623164393535366161316339323833396333393236356363643431
35613633323334336566623238326234303830373332396361616662363939326235633135643935
30373964366339323766643339393162313866353563653164666665616438306337306533653263
32363732383837303432326330386365303230313930613635613261663535653838343764386433
61353537303966643539636335633265386163653835316464353364613561323165646139636434
64306266663464383036666234326239656266393235376664633532636336613463393938336330
65633265346232343465316266396362633464376333323932393832653631386332323864646261
31343064336631633535373765316239363464616336386137353235666331356331373465363431
34376538366539653562306237646665656164666331633537353036383330353932633632663035
30663332383936313334363936383031613362363062343065353164623836363362653761353732
64663062346430613832613838366165663230656163306430656431626563316263313066323938
37343730616238313938386363373162323934653536303637316333383638353639343062303232
39303030643339313032333033656630373566306637653833356537346665346262313463626235
66626335363739396466383531323764623366626266663165386539356231666462663235616136
32383735353434386138643332636535373164326530326234376634333864333436663733306533
30663733636465313636343635326635346334356131626131366566316639306137626166663131
30376438306439303435623230313631343761626262633631353864306530323538313936633438
35373066643163666634356635373934633732383463383863316331623833333534316138656539
61336564326137313861396437326430363561303034396430386536303730663438383831393439
61636632623466646137363834666363366666653231636139333736363436363262386330376538
35383061656163656238363632313433366533656231366434383931313966306134353461646434
33386366386332373132396666626431623762366434383866633564666261353939336535393738
66363265616465636330663264636539333736373532663666623063306631653964656262623766
30343361376335346438623865623136396363386262653164363332393432383934396237323163
39326535363130396532323331326432656264386535346634313665313464306237643136636131
61323337666665346439636163366439326634643636303936623030336263373533303366373163
38313532386131393730313965313034363330666333653532363764353532396531326366313763
66333164303331336330336530346261323166326639303734376632643533313538333032633636
66363165663761386161613235653335303764396631303433383535626231393631663034323230
32333830313232633266333565316464346365323566333034643361313363303966353132366235
38343665316664613135643463306266303964376135323037373462353035623431633436613630
37663663636635343862363236626634643538396566333236376561636563376132623939346564
39336165393438383634376363396637386264386335366436353532323837366230376263323265
30323766626561363332353265316466313463666666323463363836396166376435623030393663
33396262636662303362623563313764386431386130666230336135323732666337376664303963
33633662313466663932613766633930653937636136393861653464633735393730653331363736
62346466306130653338363737636531366665323765343736663366666265663139326263326662
62376435383064623962333561643530653633313034353862626232626435663832383431353034
62313634343230623734333164326335666166326461353139643932316563653135306233336433
34303963633930303137623934363964613565343230303764303465376162323130623462393432
35643632363166313235646163633261363061366265386661316230663439326465366338366636
66653431356630353761396138666164303565613464326262653333666565323765333232663432
35396133343862303433333238666633393461333338393937346436363735303231336462313535
62636430623235636130306133623731333737623766323066663031356439373335396262373839
39636436363331326434643535616637633665326436373263376337633937303038643463623530
36363834353366393163386630303539336534346664626164653961326438653763633032393735
39666234313462663866616264313034393033616531666138356438613738373232333466376336
62626164613637356237323330613837643632333564613138363065643731636362346237363731
35613663323434643664366265333564306235313339633962386138643161376161363166306138
61613135363763393865383366613663306335333263316533626538353462306661653064376465
64666330346430663664656539663732643562663665633538303132373434346561623730343638
32383038653062363030346539346536303562663864366530363166313235623665653439386436
62383264653831376162393031383030616633336539353737323536613931333835
