$ANSIBLE_VAULT;1.1;AES256
38326530663138313030303738383636363466323961636261393264313138366535303336666665
6434366236663638383463323862356238343031396131620a653431323535613032373430636632
62306266653533393233313162393632343531393466333361373635366532356464303333323335
6338333639363734340a346139626663643365393636303135343836346362656462306537623461
61333961346265303330333438613436326161386136306562613737633633313861343762633538
61633162663132643465663937343330303238646238326666333139366361663038316435386664
66356236323632313034653436633439623330623263626466373465376231383465616530356562
62383535613863373666386636636435343134616438343732373532396335353061636661323261
39646233393537373631626139626136336565336563383565393937653165383766626663306439
33303464396435656364333738666531343132386165653036373862363866343539633164323466
37313466653035303035323638636166643132313336353362333665633930353738623931656266
33323530616531386631653263643830303966353333633866643031626635383936326366336362
38663765383536383939373530306530343032366264386135343533663037343963633938386363
61353433373265376333633362613939336661343761356233393735386137666561643834316633
64363733383036313865623235653937393135623939303637616334346466646338316465666166
31376233363831643635653934373331313765663831373731323536633264306132376535323862
39613935633633303631383334656534336432303130303863303637356137313064303466326330
66326565333333396565633561333337373434383966313763336536616339356636636234376435
36623731326462623937646664366135653538626165353565353933333635643564623835363561
39396236383334346666663139363931343633313565626132613563616632373532633434626337
39613833383839363461303337666130306363626432613166626434363137653062393363666562
34323531613835653962663362356436343730633536316431393764633061326464616133356630
34616136393465623065353937363461363939393766653465396463356538636531656638393236
38396362353830303162626537616436376536643563313565333033623638663066323532383163
32366136363838626434386365633539616438663630353234626463373136643535333834333839
34666266643863383563623361316332373236393265613436393038336265656262653662346630
63366562306635643465313836366661353961633031336464616532386363383163356331633963
32633230323836333736326363376236646162626536326237353365633138653763343866636438
65383262343530353634626436383264303332643964633735386163663731643639303533666533
38363462336432346131393865303564303232633462396566656334373735663662636266393438
62356563386439336461643438343937386666633561386639353334306464343639343234306632
66643266336139376461663530653735393637663938323132383065326230626237363762626163
32613534323138663661376433633966653565613635343463336639663633643761363165636462
62646339636666343235383632383337303166346133653966316639303139386337666533366164
32666533643735326538663336643032363030346139613661646531623832636365333962633934
38306234383966623666333239623261363037343039356663653462646136633561366166393230
65323762303436613138316235383664316438656363323736323838646433386133626162666634
30326562623631323065313838306662346537396666633639396330653035633664386139316638
37343935386162623165396364353762633165623862643265643461343963373435363965346335
39366661356566386166386639376464316630373362623264613338643466313237373939363033
66626163613339386634623238396466383862646435333066343033633965646663623532643131
34343162373039646237376566643864393236633462656532363232343936656238316133643730
65353337626665366534643861323037333562393362643933643861316566333861306335363164
30646239373966636432393737646638613862633665633136383330373232353366343961653862
65393736396533663061383131323131303563343937636437333065393033323462633563353865
61373564643136623237366630396462353636333636343233343762336232353338353663306664
33343865386137373839636435626362313135663838396661363064356336653930653834386462
64373838386332656537343735343236303962313266313537626561383639333636626432376233
33663361353837306531393963323139323336383536343461626532633462643831386432383431
34373034363061343334363563323761303239653133636636623035613833346431356362336466
38656262303336393737626663303436366539363335643163363464373432303032646136636463
65303234373335396365306337666530376136373134373038636262633230623630343862636562
33663738376432316431633736343033353863353135633437326636343239343461666365346139
66646439623662616238623432333330386331313836643733393565616335386564333431356437
32663339393363643638336461343466366663633837653034353365363937366232356465643163
35633635646138323336336564393166353961386431316431643034656234313662643233306134
31663366343236396365626566626266383039363762353930346531363837313563353166613064
30633033323736393731656461633766366236636130626461353762373862643662376633643561
66386631356337363833386535343832333231393238633538613161396332393530393331613530
30613939303236653864316635386564613234666532373135343465643533373261666261303439
36616536353064633938666164316338373462653138306132313133373434353839613033333034
65666631653965333432313239323666356233663031613431636338623035363339646138333831
38363466323664313236616463343836353538653561633037636339373634616161636331363633
63303034383636353231656436656236626138303864616564323138623637633761343863393665
31616139396636643764323130353233376439663733373266656363363133653761383465396262
66353638383332666236653535366564313433343635303363393864346535616438666563636131
63386162353532393131653832623337646230626663323464613763393862653365646464373032
31613830386330366137646664636534393839313539386638656237313261303665636237383533
31643433666439353035393735313934623462666161613139343232663063623436333132393830
62306630636164386631636362393836646232396539633563616237313033666138326463316532
35326432633938323562313839623463326539343263363862313536616563383465393064626433
31353039353338356631643137343465326265336439666138333234383531306663346430383632
63353534646264316431633137313537623032383833366133343435393233366566663833313836
61383235633565643939313736383732343533306130623932626532333136383764303730393330
32666331303962373731326233396233626666616263653836336639333565373161613365396366
34633837393235333365633032393939386335653461633364353737656630376534356431336437
65333065663362336232613433303362383962376563353735666337393730336437613434613037
36346261643765326666386466323664313638643332663135626163356266353635333737656332
66353262366436643965346365303333346232333033303264343330356564623233633236393233
65626232396630653462313037646239663361616665353566323164386664383763323134393166
66383135626338306235306637303764663536653535323733313165643265383932306461353539
64613937343664333837336465383630363530376333363839353761313631343861366236643762
37313632316631643161303537366363656132366230346666396365363631303435623336663736
63626431666663643635613935613662663161353961653036623837613031663766633864316633
35653430623638393638313464643236633434653262363338353433323664626465346263383534
30616561633339393462333964353866633163393163343234663863383561663564343530653163
38333864393764343730663337333566653730623539386434663234623436303138613562316537
63366162613831313733366561613236353237613066333332663636343166306637306661363138
38333130376138663533323765393264633034326430663339666331363361643438626461373064
32616438313830356237663638643837646633323535636532353263663334383465366364366430
62633630633233623733326566396262393265373262373931303532353065356265663666663662
61363539373338323264356439623132623636343663396234303938616337356461663766346534
37323336636162383263343866363135613830633031616131636664663766633335653836663530
35636536653333396338386235613034633538643361386236376132663433316663633832363831
32633034326530623137343634643265323833313136353333643532366238363937353964353735
34363130316561656263386165346436623632333162393061323932623365363965643434373735
30323964646439306134336532643566376434353764643236633361393232363464346432396132
34653730316534376535653865323064383564326439393664353731633663633937626534373335
38663533643035363434633464383838626166643164376537623837663637393236666237333765
34313262666164376633383937383166643138386665653564323534616134386265356239653936
32356139393866303739646636613638323434313064616633653134663930376564663339333737
35663238633964323333353332333164326163383831316632363133616632653063613831316334
62643664326330363864376534376163636334663135313630376266333932353133356536313233
65303831396233313332363536386164386564373437363439613937323561343561343239313063
30653638643266643265616163316630366531313339636330633238366233633638623831323630
37636138616434303238636163346333626531346534323534303331363662353638626331663263
34356632663264303135353536363865613231663831616631623965313161396264303537393034
64656632623563343066333436396633333962333831623735346662633632656432396564333433
39333334636338366437366665616138303763323032316666373730623438653132663337363463
38633431383163306638656662393161303466393839323139623263306262646234616333663236
39313731376634363262636639343939623334306635636562336132613938343861663861373737
31316161373439366665376538646538636639313661623263346664326637303262393263626536
32653238353666316631376665663137626231343863363531323033656135663166373264386462
64633264396161663832356664643766643937366331326635373261373839366664646232333163
66373938383633393231316333386134623537336435393832323535653138393530316534363839
35313630643436363232353931386234346536363639633532356436653862373834336235633034
30626139363763373836363932386538613965336334383830643532366366643165376362663139
31663233313638633139633865643934633162653764336366356266653765383034363734626363
35643732396661613664363730653564356632663966633634623761313630323232373936373032
35626561313931313631396166623565623737613064326366376530356661313765393736313337
36383231333061636436333138393436646566303430656338613362396134353239383764643136
62393762363435366366313332366231633364313430386632343061663639396539613430326632
39663161323365363134643035626166316334653466613032623534636332616165666465653366
39376437396366373434643431616632393932333561626634326539383237333563616338613862
33396133313435356130626335656565633462653363306266356131313862313063653866623539
63373066613130313931363033333138383130303863306263333833303839663565636231636538
37653666616633643966353765383338356162313037363533316532383538623064643635366663
61353466333466666163616634353766383432323566623434616239356662663235336464613861
61333132636136613865663239303765383163613438373963333138383063626638303266643462
63373134613437396233363530313933613363336462353839393836393234656236616139393430
36623762386366653332646638376534646434393937333639386264326162363131343730333664
36663565383838303461646236613364396332633263366161353866303965373033376238626465
33623334316438623564653935626335316539373161336137383935393130646637393461343064
34343437313435636434653865383939363532653965366635303935646232346330396264656639
34653863666333316434666432316261366163633365303232646631656132643964393736343064
66393031623237643338326235626235323864393135626236623065633338353237373630343766
62646366623964666535386638383761323836386666643639376432343031386538303030316334
36313135343338613030386332666632393737663937343039363565666461323864386232333961
33316133616562663238633965343534393332663634323733376261366132643931653964393835
65356233393332353861643538353338353564663037633863333333653435323331656433306337
32313430326333346636396430643433623133343036663533336431656335333431656333373162
64313235336130623963656133333965336630326363626631303764643364393566653964666436
63393338363334663234633566663738383830613337333230623933306463646135303433643332
31363261376634366330383936333963353133373861653137316338343534323762323336373866
65373235333264376138656536386266636237393137343838626438643134633862316165623531
63323934373535313634643263613037333261336462333261653563336664616235376338666664
61336338366136363662643134396134643338336162303364653036373163653562396538353335
39623266633261663434356330373331396635306465306362393765623239373964643731613164
31336139373437323235376362356336663536353261323533636263383633626264363438323937
62613637303930663434363761613233346535363935393362653137366230376664363839626633
65613035383461613630656662346562356235366338613836616536613638346335333732303766
37626532353434646164383633623537336262376631393431323232343864366266343537333037
61653965623135353064313363373231373432653639376464643636373234643262316234653639
31333962663037353136393638353164353631346665623935363433616437346631333634393738
30663034653334653939363864633264643266666530643437653061383165376530613761633432
37336665363262636564653430643134313036383763353730633566353131343936343930326565
38393562363531613039373765323862623136303235666539633163613863316139663265343066
39626333373136623562386165353135616138653939313861626161666430656431376461383962
38356665336265663237636434373838656133303536356134373766643262353934656135636161
34663630666562636536323262633136323533643664656631313835613166623234313564653034
37643863613439333566316231376633373536373734323466663931303431373535613130363930
37353033376133386538376663363634613335376639386137343765353435323033363634646564
65633733663139343033383263633162613162646637313162646133663637373664376432303735
64336131393535326231643137623932613933333763396532616439363433303930356662363861
63626661366265353533666663383065646330313266356366363930323737323034393162653631
66636430376132666663366166633162396233646637626431356336653764366435613939363362
64653562623463613632663739303764336264306665346433643437373062663339623764356336
38393763326534653832333861613931303931306165363136636431383435393239353032373031
32343866646635396366656566656663346630643263613963383235373738646231353264633536
36393666663536336337316435343163666630303964386234663065326339333063666137653331
65326539393732326564633964373638666538333032373764373530623636323262353131636161
61356662336266653237383433623637666635313036623165376437363066373631613264633539
62356535626537616634646262613637633263626135353134316135656262333965
