$ANSIBLE_VAULT;1.1;AES256
30383766353061386333396164363162356132656433373536353236363337633439313263623264
3166653662386535366266396439636336653130316464640a316365616661393136303430343666
34633564343630613234623332623236343434306539343731386239303235663263656339366264
6535363266656265620a656435386238656338326635316463386635616263333461646339346236
33393531376438623962323065396665393830343266316434336164393463333937636230663838
35313163656365663362343266356233326566396432363762643836346666303162313336393237
30303038333164366331626565393063363463663138333537363665663762346465363862303063
61353935303538386261323638643939316530636165373762363861303465616330663239313239
31343030646333333632386364356464316363633236373564363366616362653633613162666434
38616465343137363135373039653738366236653932363463633634363935333464356165373534
33346165353936373666656137663632636237366664643633313462656239636535616335326533
66613337393237373766363632636564653734663131353834396634616133626433653631353230
39613466633362303737336333353765646363343464636437366564353236366532316664343265
61616163653937343161326262343234393565646137313534373838313866653464353733366461
30356263353966643062636232663364316361613339396539333235313334643531623538333031
61393131666564623932633539306535313034336636623230366632383135613330323631366562
36623163343734353263646635333733343337366438633433613632326434383736386563333537
38636234656131373031333564313532336439366636353565396239366332313032316232366138
33323538396361623134376334613234336232376230323335356535373236643665336634616335
35343938333235363839636161356365346235303465343534343561383135333266626664633362
35343439376331376230386463626565323431326163353531656465393837313230623735663534
34396131353236316639303538666332363363396262373564336535383266346237653139313333
64656263363238343631393266343235646431303137626531613838313166356262616466333637
38353864336164666434333531376165366337643063393230626565666563383630373038613862
32306565653434656536363762666638366262383739643361333663616265366362343439363938
65323738613437343633353635623838613266633437373935353261383961356639333439633464
65316432366131343938313963666430353331323361333333663031616631623039646565646463
39336634306163333334373764396236386133646362633834623037383737316132353362343561
62313662616563323036613939376262363363376561653637306437383533633438353731353264
61366533633437643338316130336139313439346333303430626230343435633632346633363736
62323930343537373532363830666632306437313439376262623633363264633332366261623633
37316432323166653662303765633566666464363739303131373431313335393064623965356664
30356437373861383130393365383237303731346430653065356635343435656562653866386164
62313630323038306236626639353464623136666139326139653466306265356461636439343734
66303235303663623535623638623738366362353134333935623962663436386361656233633835
62353631366464323965306665393134633339646432383433393432333666366534306462356464
31633136383831313234383037653430396130383664363161323635643737663465383232383836
37613861343536366434666363326437646439613333623138633732623364316262306162316462
37333632326335633136313634333462613262653039356665643837356664346261313630306533
39616431353163303961313532613963616364373334656163326131666133376432643834656331
36666633303930333337326433393735373163663337353536333664326365303663373030653033
63313530393664646561633261326134646633383961316339666563373934663039623362393530
62336462393432346335323331393038643764303862363736343437636439616538646639633531
39313735303134383938353536616366333063616334386239323365306130653837663739613465
30356462633038643739656235346464373830643039343734303663323231336561663362636133
31383661636436393931346236633235326534396230663338313439383864306265643366393962
39646638303366376362373362646535363966623535666639636665353038646261393563323165
31383334326364623935306161323533633137613637393365336337383061613934306264393636
36303362303837343366396537363163396263336537316135623436656534353237663930383231
36633137666161323833653938303331636430376239353239393432616538663266356262323531
31663466666331616133666563326663636564636431623362626364383761336131663534663763
63396435353831613830346134633961643264366463643337316561323439386635373663323365
36626465383536393435313133653430613336343263663632353164653165303335316162303631
30616338393339306664343533396537353039313236303062316566613733346437656139353431
32373037366336306234613466363161383038626638396464363764393737666637386663383562
30636263366136663533316331646666313634353561303063303064623837323764343061653661
36383266353539613731336132646337666262316366633636386334633561313866613265323735
31666566336138643961623962383436323364653133643633633563393233323537633035326563
34343635623633303561343535656566396233393033363833373363313263333162326130353838
35653033366666636431353965393364353162353830396132326439363762346134623732646634
37653662616130363739386236653430653666396331643164623434356666393534653365346563
62663563353638346630376334306565613435323036376439663162366466366139616534613135
36353863623336316331313133333035323533373665653564646430623336646334333430623830
61316130656637366366383134303930353235633965323831303961363936613263393337363462
38336562653634383061396165633935646466333864356635383532383137366534396632303161
32343765383439343336376131366631336231323332666239386339306565646562383938343764
61386535396265313866613561393632316533346339336237633637346563643634316536393839
66636565313136333966366231393365636161643436636535626635366365633736313065383639
32656235356335623130303766363839353664383138633062356263616462653065633730336339
31636532326364633466616435353131623736646632373534343263316234666636333461383365
66306433383531623034613661306233643466663763396665646434373763363339623634656265
32656465346262633939626637336562336537356138363835646631633736373861626665613266
36633930623364343539386131653965626232616434663463643732336639393334623763643736
39366238666466616263616336663136623466376638366235333837373166653635626138636534
33373432363062336533316330386430323631313261636466326163656133323666386364613930
33306634626263343135393233376630393434643761316164346332353135313264306137333035
34393066353664366636653765616532663135613335653530393232393537643432646532383539
32626439333764346138353463303961313664343265343032363438383561356334393239356430
38303934633961643864626165376331656137616264613161623736633762626363623163313138
31663364653338333839666363346439323336623161333439343138386565316538636631333061
62326338303462353863313737666263653739333664613034373761386236393035613761653464
64616266623263313666333530616564363639623666343630373866643730323339313061373331
39663138343437393066336234323965393231323566383938373731636366656461656237353234
62373039353138316465396330353561383936383730363435303931326137343064653466323536
31363131353434383262663337316233363430333631386437376266643233643630383563653664
65623932383565623535346335353964396565396335663863643230623832326664376532643763
64363262663932343764666335346233353163303561303338393537643831353062626337363533
65323138616235393039316566623930636230613339643831303130646631616465653130316635
64383063383437303166376232396539393737643762343432616564356461333634363539353862
62376330623539303166663036323838313135343665346562326137306533306566616634636236
30346633636333303862663934316434663961643935383364663664303532396566346135363837
37636461316365336438396633396534396630343437666435643832383135313030393939326463
31393031626331663239363535373431626634333935383236373864386632363732323335626161
62333663396336356235356338356364366332386266386465313938663865306261313338326234
37663136636161343961653766303337383837613764386665343336643466383530393738633331
35383332623161653365346438616664663865626364393235333339636636623738333136323062
65666261303066353139623839393636353933393632633838383939633035383839373462396636
31383937653433386365663865633534646138303665356465383631393337353563363031623538
37343638366639383862313662376537646663316165663239366139613134663762326263616133
35303764376130356537313662646565363832393334373939646339316630646536313265383237
62653239313538646462663635376366313932643336393632353734646332306239666661363835
63376661363735653361626437383562366561653665303135366638326665303534666663633165
33303161343636386235326566393931613530326366613836636430356361656432333239623239
35623263636165663665663966633239316365303535363134663033633036303932303964313537
32383565333563366230646334613361653263313932626162383530383237636462396131393865
65326330356435626163313963663666356366633330623966353737343061653133343962663438
37353738333837633034373530323663376337666661363039646234663765646531613733306235
36383334643632656134663030303364643539623131333438636339373230363837326561303135
65666630663539343166346265336435643035353134313865323763353963386165666133323866
33383839616436353561363637633330316136363264316238346366396431646264353538656634
63363536383238653861653432373464346563336562343035666235393661336337653836633563
38643631613035643139613830656134623931633234313933373739376438616536396463346437
36363639613062663835306131353264323232343463383961343831613365303332373665313338
39613864323163336538373434333665336635373736393563316132393461666537383739316537
64383938303135373539396533313236316362613963346138396365326534343438393263336361
31633238613434636232303365353833336432333339353631613338323839396563303230386536
36396165313034373462633761313263666538306562323437646666396430326161643231316664
30336263306238386436303038353936323562393162663036626334373262333564643738636563
62333131346132626163653533326339323665633339303430373262663435343531643865666439
64326264383565636634663662366232613736343061653537333431623234316230613862333265
31613965333762626339373938383137376431376139373331323030626233393037613936333734
39363433623964313035363232303031323333313239346633383431646235333663363633353039
35326131653961373930356264643731643431393839363233346138383163333934356336373039
36613438306237666539373261323234333531643764363234303762393765623036303765383932
37636237633462303939633234353933613033626236623963626138333037613033393264303534
38643937646130623530373665396266313261623831353962303031306139633732643530346139
38363938663834303835646666306430336236343132353930346634393762623866666165643331
65383132383461636533356133366462313666656334303337316334306261626165663662383461
62666331336462633437306633363133343034323964346634643465643361343233373230626264
65663539333431663137666561323737636637316239386165376165623138346333363332623366
39323636613638356236366436326466663365663765323839323534643939376133346531343262
37646234383635303063663164383739653937393638306634666532336166393936633434376563
38613530353834333438323935633366616631363338623039646231633731303835623831623162
62346263633264313838336633663932336238656637353161396237623734336234633438653564
35653365326332663932313639333338306465636164616165646137306430393234353463623832
64313639613831633436303463326334396236386466346664366231643965346333353566356134
63373033383535663339343166616363656232646635313865643163643365303035313832616432
62383461393933363038373532303064393462353766396638376533306264323033613334646539
66353631633436613238376436313631643061623932663065323631616335346232643537633963
65343736363836663862366464393735633365373962393366663461666164313433653831373564
39333264633734383462613934636436656638306136616666346464373064643138383261646261
32323966666239323331353063376465336463636161623363616566643934313330626630643765
37313836383263666663663032363061323565343339633635383531623964343662353733336661
39336161626232386661616362393561623538323336623363396130343636353239343133663364
31376239356664633066626537626537626464663936373431343066616265323335646535363364
66386530653531343533343562613164646561353736653164316436653364333834336631373730
31623032373466623030353261623138343263386333303635616366383765336639643036316537
37663437653866346235356232333638333963396133626665666134646331623839346231316366
32616230383334393732663364366137636231333832616331653366653432633331363665396532
30636161366530656132316237653434326633373563323261636635386535303136636361646630
61313331333637626636373230386439623063633833653831666363646137346539343232323432
39373537373930323836663032623261653566323835373264393935323237646335356133396132
32646435396334393665613161623138396133336461383234313239346463653966653034346131
33633435303830643538336635353564613761623839633064626433386564643561323238396532
36316665383634636264316230643963613836326335633862323136326430326361356638653331
33353730363733643432666665383238626664313261633935346564356338363133303738316164
38613734626130363566613062396262643239613739656661343564306332666533313664343732
31303833623763663264376261303236303537316461386661356363656436323561373734646264
38366435396339396132373836653634363165303738303765303334633731653934663039393665
37393062353839393463666566613864646539323039666331326465343236663134386465653336
36656566626430616236363337623031333237306434643762316430613061353361363535356530
62353764303934383161396534363337363338616133346263623532643664363162393261373938
64653130396161626533383334613965353263623731643137636336393637626139363766653464
36616461306132623034323364613266393466326333323630343864613666356462396365613262
37366432653164643438363833623830626330646232326534663732636234333736353466613364
38613765393031626262386265666364373736343735653934313432366537656233373439376332
34386235363132353563316139336563373636363566326136326237316333336636373537613433
30653363623133356662623638363536366638373531633337653361656363343339653135336633
62613065643661646338633237633962386361353030323463376566303338313732656630373131
65366131653134666435323931393635303931376663663434323739643636343934633633313062
30663063313163653866313135363834363161306235303930303030343830316439343030316539
31306562346431636430316235326461303865633430343862383432373363333564353033356230
36366534353835373630663463356565643734616561333266646131653665663764
