$ANSIBLE_VAULT;1.1;AES256
38313839356130386134373335356166396465363034333962346239383938383939626136366639
3039323264616666333265303366306639623932336139640a653438636666663965363336363861
30363835366237343232316632623238343662626637353730663066623965326136333137396137
3164653763353635300a306333646233396134313066643239643265353431353531343330366638
38663936353834323835313665643166326535396635343437623863303337393238616633333666
66626566313039663666373861663335653039303631363763303931383062303630613531663931
37303935613339336435663036333161666563376635303236383562643366613136323735316331
36316365363766653837363735653839633230646137393366616564623236333031323639656339
35616230323266383539643439383836653838303532646138353733626530623465336339646331
30643763353633633237343035363630386532383131616462336262323563333561646161656461
38333333363733633735343566313032346631653761316433643433623135383638663631393132
37646364623062626461353439316261363730373262653039643838626664323166373564626566
66663431373635343231323662336335313463643930653333393933376437646635386563633937
34313062333931316664393735653461303166356234626135343736383737376530373738326362
32333166393462333431373665366334316565383361303161373663333266616131336134653266
61343661313131663063393135633139633964633736633233343336373234663131646165363166
64373535623331646566313063623338333764383634646334613862643666336566363538346265
32343662383463653433626435653366666366613532653537613030613664303962616439383461
39666639333065623335306138313837633566626364363738363934326266613439623661393264
32613664646166326439323832326233636362386265343666353038373531363630373737333838
37666331343531613966333935653232666531356539373165356466373333333330616536666561
37303632313164373637353435353130356138393230343132343530323066386666313633353935
30393161313935616531323961323438383065643031346333633666303835666466336662666539
61646334373462613937616434396538633930646637366536653131356564393163353235306434
32646333323464613033353337653736316161613166333366396536353331343930353661613039
35626336343565623162303462636566383736393865613866623339663861656563663765613864
37623233353838633962653632353030623435353830376233666532636130666637663363366536
36343532303332393338333435613734373462306330356166326261366262633066643364613961
34396131386566313835366530363435323732623535643963663662346636626230366533643561
39363565386230666433383439373738663431353833336134646630633134623563666463303466
65343539303139626362316564663537343338383662656433613532373837343432336664656665
61373665343238623537646665343935313366636562643238613937366333336437316562643666
33643032353937396331363062646532333665666536613465623662636338333435626335623737
38636534623632323533306361306563653835326363343630313439646536386636626336346164
64626637336265653866653333316564346264303264373734626264633861353566333031303161
64613235623066613439616332656630373134323165623764353430383639303833333338636130
61386132613066633535346532663766623730306438373235643736636166643162373165346638
32306630393837623261346238396133643463373162353231313538346636613163653564663061
30376438386564396433346235383534383935623236653665373237656436383361313834383530
63363265653562313135323465616233656666623562646232383961343931656631303162396635
37353531663664646638643236336532346436613633343463393537613463636561613731323836
65383366346666656665643761393130336339373563346439646539373063326539393461376235
33666136396331623466303862303765346433646237346665306163636564366534356266376563
37626363643364383332633131383337613765393134373930623139323730616231626561626235
30303366613838613733623261616366653763653634613062313266623763626163333632323837
38343337383336633961313864396239363764333334383735316136383037353930383536623535
30646365356638643534663437626435303235343139323331376334396532333865363664323363
32343361303962633939363861353632626266373632333464633332643735383464656238653533
38616539366433333135316134343465623733393263656166323061356635646164656232643430
65313966656563626663393961383865383834633131373831313936646161663532336134316437
32643531633762356333313962663338396466633464663839616462613738326438383562343334
32636339316536303266653338383139346264643230386361613132323066643962666330333066
33623637653031666337656133666232346530666166366234666336346631353636396664626437
35313033666564613135666433616662663932396261353162363638393138393530646135346162
39323534306266316531303939663335346665313565666665316530643538626164646361396165
61636161653861333464373930323734633565343164306463613537316439643532336639343662
62633766346237363132366366393937323762373164313330336563303833306463376531363734
38653134383231383532656365626237646462656133633231373239633862393335363766373831
36663235343065343030373934633231386430633561323632313039666432646338373535353566
34616238656363393762656663656565306434313733666363633562346237373062633236336130
31616131643036663434653735343635366635643234333864393563653735653931333063373338
34373964623636393534326336396530303936373731316239343237363061366166633630323266
33643964343839613134326234313539316234666639373762623764356139353139353431643662
37373039303335393837646536353935303031633637643461343536376563343838336266336139
66376163616665623266336136343265356532633765353561353365663536333065363366646338
63363661316135313936663239356563383236303064333466356138626339343236383330383233
31303065613438663031386537303466386237633936656366336237636161326361346561663866
39313338376639326663323630303761393730343063623539393739643063366431383965643232
36346664363730666332643936633561333933346138636631376539646438613734336430393261
62333833333832323863656164323864383430653238623330383365313631636666663639373338
33323562663730616362363133346432633334373463646232346566313235623265383866346139
63343134366464383738343063633032363366656330323236346633356638613039623465393363
34363434303062653035306137353464366334663830643663393431333734663332636162626233
63666535313937376465636238643661643866346630343462663830613639663931303266336435
30613337633131313665333161663038343536613261616237656363316537396436616461626539
39323465313464623530313338626538633233386433323339383862636233306438363839383537
36313063653332383836623334346165616438356363393864346361643030333136623862613737
35386236616464306232653561376138646630376333353263663164363533316330303332626536
65626338663163323462653432343131306138373332376238333563323465333831613136366337
39373962366231623064656164373030633430663362663237613435326139373133366234336361
37316666313936323531613133346162363935393065336230353866393437373065353538313566
34313266356564303363336538393765363838653837343538663962643335626661313063376565
31386630373262336365386331316532383862383664353562633434336635353930666636373166
37306236393837393266303762623463316661616265346238613030386238636139346138373865
63343963336630353433376135336232636138616337396432306430396165393434333564356331
32653766353637356161343234656335623430346164666636316433323364383930633732656538
36653965333137356461346638353064376637393738653131656430353364646338393461353438
64346132393939623633383138333633356665633835396231646239383136653739646530393966
33646331613561646563333234636635376462623061363630653261666565643131316630343032
61363533643633323034396663363861613630623865656662383563626530623730303635356230
63643936323465353634333264373563336133613366306639353833333733636435346635373737
63623063353435643633343239636265623361616361363562353663383436616664323934373337
32306366393431336566653635326332343665613965323338643038633339333761396632633431
63623533306561643631333930663736356364386230336537663463336436306439653137386261
39356435346437326237623432346639336531356638343863363737646133346332616236643664
62663139336332336663613262376462326466346532306661386239353864356662366666656462
30303232373164303665613036363531613738393839643833643030663336376434656566383030
61323733326365636333376139373839363163363164313264343537373464616665333861303130
31613136306236613737653562366338386263386464323032353438626234663138396537343162
37306634386631336530363337616438633831303138306635336438636363616436373264623334
34383032643539616232333962326435383836653864313036666239616134363535633832326263
34663832303433373635636233656438373434393235303062363838366335636262623862353964
36626631363835323163336535336235653934656132323666313737333761326462313738366561
62643163323134633530346538383834373035376564366365356162646336663637353939343731
62326336646236353635643339323534616136326661633530633639356536363562306462316164
36343166393466336261373733613362353735393433613236376262336130366538313931646637
35613938396231333236306331353465326335313534313662633665623664373331386439393138
34353032356338323463666534323130313663663937643432653139303134653130373831636664
37356561396339316535316532626362653539646165333037636434326265366232633363373663
63636332613432313531336162393964383366616135383331393962633539356633353739643739
34663162663662373334373835376331343863633061306138393736303632323931626138303062
30346562313136666161363932633633313533353635343332626633656631386133386163313036
30623231336434653035393232303936383232323232303036316535656462633335633261626336
30663939356262376166613930303562323333663132646438653839323465646665356462376434
61643230366564346361313063383466376561353264383562643830666533366337313732333665
63643238356634663063626161353866356135383639313231333438393365663834366566336263
66393735356432613037346238626635313261346633393034646366386335366432643430343932
37316333313438316335313638346238393636383132636436623730623834653632303764343763
62326563346537643338326366393935633362353033353639663138336266386437616264666262
61333936356232643633356636333034386361356134663230346165653937316164653337643434
31636338376132383531646362373334616236616632663932383965383133653234393062626433
30663430313332353633306232383832333731356365326230396530653639343436376230393038
32613134653432653335373836623661366466626532393437666161666530343938616634383262
33646239613139383431643531626235343866386465373730336137356363643663306436616163
64373533646233663234623839313331336635623966396565353964326466313539343163356534
34643964643930343131303463326162613062623662366135636333616565396639383237326262
30303766663462323763663931636539356236636230646466313035396637373134656130383332
35333932666436366132333865373839363936613736316339373635356366636438633634316535
31646661326335373335383835346631316364636333666237646265343033363665353661373230
33616536376536323336663263353731363564303966336666656539333632633762323338643332
38383065303034386161663365643738343061663231626634613361646565333731343332373538
34333835626631393631633537393235396161353038346431383361613638343736356462333132
32396132326338643165306665633831333563656134613264316138663433663765346431656337
37306665383137613434306631653766336665623435653863646437353035346162613263666632
33666665646435653635653561313834323935386630316438393063616638633230323064383661
30363034616634303337373133316634663739353733363534323263363961646135376633623062
66313337353335636233346532653139393038356536366131353563393930383638383433373865
61373766396361626130653830623162303764613233613038353734666138343331393834663736
65336561353738323132393464643661643234646134393536636366353532633865303231383036
66313135313334323531353532643230333035383934316131376535613036323031633566313539
66633765376365623666626661323834366238396333663238333839383333336435383238613564
35643362643163626632393030313531353461663430363732623030353761313363316333393636
33326236333335653236623765306266656632326339653337613839386662376564396637353732
32346530663132306334326663373463666166623130303830643137333466623465353239323332
61363937353865616335326461666364656432636635616135653632346432623333396466636239
63623065396433626166396664383939666639366133636161663765396436633162343438303864
63383731616331366333633762643666643465623932326661623834616232636635653938613766
63383533363861363138643331623435393765643730306230346262336332333533653562396137
63356566626263343234633064333135363061633363373833376231323837343564363261376461
36306163326466633536356361313435656664363365373361336566383339616337386361343364
32643261656231383931616636343830663837623735383664666364323131326166633435623262
38373433633737636132383462303333646332613362356462383031613631373032303563353930
39346631383837386131336531356636663464353061623330653530613234366566613266323737
66663437613530356433333361336363643935356634393137306165653133366636633137663531
35386165353166393565646261353161303838356633313365353739383630396639656432363739
64306361316536323137653230376563393964393563323832393262623034393331363431646362
65353530663661366564393461333530393564663633313865313462373138633865396231373262
62623235316265393331306263303366373165613863346434646561633435386533663231666661
34303765303430386534623039323638373266303835373765623933623266613865343933653339
35333736386138373536356565643838633631336534376234616536653535626638663730313564
65663962663964363365376632626533373533623532316339656366386434333830633464396566
32306633306230363663616630393432633463393337393035393566373432323630616137646662
61623066646531633335613139633134663937363235376631633164363930613162316139316135
66643963613238613065356662363163646566353432313166333530316538666265306634346132
34643162376465633138316637623934633334653634616465303061313138366335366564393763
62613935356661646335616561383536343862326336323861626334373461663038353637363964
63616563383438386534643736353563323035353331353230343164326163363763326261386234
34613065393839363038623037343032353731643661336162393039353433613739356638666234
31353436656633366630656634333236616536653562623965396263303662353962393333623039
64353531626533356565393666653437343334623335663463626238366566326166653633663061
66636665626234356536326330366534363165363931393433613065346364383737323535376335
66326361666462303131303636643034333364656265343863353833656130363833616133333336
61316265366635316132303938323365323061666663626534656233323465613837
