$ANSIBLE_VAULT;1.1;AES256
36393662323362643930663931376431343866633039363532353331616661393336643063333032
3363323063663739383435396136373334633565623163610a666266393031353630303334646564
31313931663936316366323932366435306163336235633338643330303766303739626334636431
3031386237376138340a623435333566323232623461386663666661646562353961633833343931
39666330613034313166386438653566636466616231316232313366373939353765346536666332
63623934613332663161363831396238636339363739366165303532356336663262613039663531
65383832333462623436613336313363663966343436633464313064373035636563373166633438
30636138363965636536313132623934643661666334633036336562316238363566633038363131
31633865656135643137666338636438306261626439383833306531333631353164376236663334
34326162376635366632343236666134373630363334663562643836636364313330633234323139
34303065366462663164663032356436363538326536383338623766356533326131353237343534
35633063653530656530633233346233386638376636346339313132343337616362356366633731
64396433396537343962626163613033393034633238346262353766626638616564346431353539
65393532643365353365656335373338306362313562376163303235366535356131373365353836
66333834316662666639383233613362393863363262366232656438336630656533333933346136
39623665336333346439666438306233363939653262323735646531353933393363353064323161
39383633663937636233303235613533323930303133633136323464623537636436363032356265
65373236633431333862666464373530356539386330633164653561643336393835366261326237
38363633633661353966313532393031343739623930323937316535383636373433343966666236
62613033316562313263636537336637346161613165323636303030303233663736626137343662
31383237383131613839336439313632303039393039393932373330386439323065653133356338
37613333623138356635623561633462366535373764653834373236643133656133373666323430
32643139373836663839306235646162343734383632333236363262376431323334626532616133
30353530323264326135316565636164313461623561303063333939393762666430386538613839
65616630633662383135363534376537373133396461383839356132363235356465643464373539
62393662306165363033326339633134393532383465396235663736653462623831356662363935
63346265316237343236383535333939383732373939656437346135356134346263343533623334
35633539306130393431323638363165653334623832633635346364316132316138356165633834
37336538303065303739653861613931346334356631343566383336616237303334616462356334
34303531323939393263353933653661353862303234343431393164353662323734373030396363
62643635343963326564323438623664653634363636383439366663366532303339346531313339
31666665663063336433333139353732316164373335623635643537646535393930623733643839
65386562346232356166383435343161313338623963336362306663653262353365386663316532
66646136303836643234636561363636653231366166666634646236663933626430623139653337
31353362633531396165373665616262353331306238383231323864316235393364386137623966
36363566666363323734383134623430336662396137373636333732613234616636643439313364
65626635316330313830386138383434306136393165383765653264303464653332393761326434
36363137366662316633323061346166363465356535623031653966646635633539346263343035
30303435323231333036363036383936333139623063333732646130336136373938346637663563
64613466326338623662386434653836626466646232303138393231653563323539373231623664
36333366346634383535653462383532646464333162613462653732363863376663636236636165
66346235343931653761363234336434343961613230306137343135336438363834353061313666
65653266386235346239346538396630636332333965336364316332333736323532373838396337
62303166353762356139623464626161353134653038326236623166316632343637623134393239
39356135323439323632386330356334656633623033626464316635346265623736393032393535
39623533643838653236623566356634626234313230653435366235383938363762656162393733
39626635363761306266656433323038386364346638343863373834333735653738353933666339
64343033363361376131656535353162633537313562343831333763623239636566656435303666
65323235656638653431306464626366663632343737653938303137316264333536333462373436
36643162396130336264643832656236373530623261653933303339633730383261306335623964
36383939386130666563346433383137336566623162646438363930646233303433663566333633
61383235366135316135306630343932323766626261323731373535663138653563366539666436
61623738343734383133313662333734366536376362316265616532643631313864646166333063
64363966323564386566383835313733633535366662326633336465363762353936623366383930
65373137636364373031313264386233376135653061613166643731313939646434643061393864
39346438343762653336613465336264316464363530393862396634313439663935376232306232
35636164613363653132623835663736306261366261656463323538323531613334383538343038
32303936373962666538613639656666636337393936623932633333353764336238623834646338
32616531303465666435653337396635346363396539323765613430316166336263643432336563
32343166633731616238343839366635393232323931396437656137346632326162643635646337
37613965363338623930376563373061623231643863316233343936316633346562343938303639
65663761386166333666303063353163383138663365313432343933636432306333643438366330
38353435653636393337313732323061343938663738356631316231356532306566393036663531
63663133653931313436623264336333313337663937333065663438373163393566613463656537
66633166366362323236366139393563343439383830393336303836666139383539353435306233
34393462623337613038353437376433353433303365393833313032303233336138636265663034
31336464313935333330336130613433323337356331666565363339383739636663363935303262
34363834353630323235333235616666346432366433366431353963333336383939613738383466
33633039633935323166333535366562626162326164643364356362326437333438343238633764
31313461303963313762373363623337373939353861653265383932653337366132393866306338
30303234303663343962636266356230366364333035323265623438306339336437336566326436
63643862333733383566306638626631623763646532643731316366633330643162623738343363
37653532336562343864626165376162326333373863353938633365613837343231363562666664
35393963393433346133646438393336363232393537346534343335323938663463323564323139
33346438356635613733653831316633363932386237376139323530323738653431373934333239
33633762393332633030353736666136336134656230303265663233383735633130613631323164
37336461383239373962363733353562636335663731313832626133363238623233323631353536
63626563346364323065666631653038613663613763333437363135633034323339663631643862
63353937396565356138316434633430333334333339333334363937353039356535636162313230
61396365316131313730316537363565643434353466623436336539633736613831383930653263
39343437363734383339633338373965663861613035303637393035633466363331643131313236
66646261376535636333343739613231386334313364373264353134633130386139613261663361
30316231386661303733386331653661366566363730326466306531636666303162393534653261
34393332663362613030336134393662336237353830656436386130636635646634373361653262
38633736396262626462386431393539396130616466616130383037346639373933313765393765
31383164643439383932303135643635663230613034653363613931396430633262626239316536
31396430336135653262376365366163306136323731643062663532333466663966636665363866
62393065643561616262633135356665366539336462346137363864346137383563646662623934
66383536326161393033393262633463636163386466646362666336613761663338616632393635
64373138353065323032323566363331666634653063663632393065646166323438366163346432
30336239653538323265393236316534363663313166613339363866333036376634613434333365
32383931393931323566333737646332336265353633333336393861616239636436653630353933
64336466396261613763373939666630343966356535613439653463326361386364336161313262
61636266343239613764653638386632343866393734383933656632343430386238373964653962
30393038613837666535303834646464366136386633333463303031636338663564633461663566
30623536643063613333626533396137643961616630666634383136333564353666656266623537
64306365353164663536363334313539643537383735633661386537383830373337353233303131
61343763656433326636343430626465363635663966353231316338653464663438633264353331
37656139373534653737616234613333643231353230376432656332643331613830393565613838
34626165366264646337613466343738343165346563303135363765323064396236306238333035
61656361333136623661393339343264333031373561323832643966376439643364613036613635
37633631336635653230613361643237663839393231396364343836303266343335646539343762
62333265366566666431646135356230366531656137306566326563653336306136666134326530
63653034346139383032393332343432393863373334613365633133323563346236613563323866
30333663366338396233383564396631393532653064303939323866666536656430343236616539
35353635643230303237363063356464323732313438323364356265626235336636303638396564
34303335666437393134366236313863303033333365366231616661636139323637373934633866
66356138656237376239613435613861373036656565666133613831366639316638373635623263
63326230643337356565303238353133613765643530386163333033336266653435363464323732
32383137653363366662356232376239306132373932653632303764393036666663353032656564
33633136373764613638653832333461636435333331666439666436366535313634623139623733
61393330643132343134306464633264636630373863346563353234326366636236353564383535
33613532643332306562306236353563353661623436653736653539633665623933333938393165
63393636613735383865623030623536653563653764633765316132336537623561316631353730
30643662633034333234313661643534663733363936636634363232366566383437666331316331
62303731623139653335616339663938613164373236636538666539393139303137623234366437
33323633656161636239393962313965333866323735393132383533363761323138616563396366
61653933656431646233653661393536313535393734666333313064616634623161613930616333
33353432333936336537626564616134653033356139626533303238393866333230306361653365
35623165306561646132373462643262323830376534366637333765626639633866326531323666
35383062643161396338653964326134323634376639366463623435316334303638343233653338
34616532353265383865366662636439613337666635316432386665373936313930663665396435
32306537356138393635613736313064626534393131393663353666333939316632303233666334
38356339323662316364323737353335383965343434373735353466383763366333363765363461
30343534373961386437653263396564386139346634646235663638366536373366393138323363
33313966643066376263626161373436303632636231383761316363336239346661376531306463
39336364333334623631343530663631636266316531613964303034363833626366323131393266
37613130616137373166396430653034343835306365653864333535363230363430323238313734
62613662323339313532643235633536353161396464646533343866303064373932313066303633
31316262616232663236323061653165303238613734613734643631303735303662356562626137
62346665313234386462613166326632623439393132613330373963643630623933323739316631
66306633386465353438393566656235356638643532646364393337623265646135626662323439
32313233613533323538323863393531613161373065613033613466623766353031316434636234
39343530303463643165316366363261616166633939323133383564366530333139666362306233
63316661653839303936303634326531316665333233383165343835353263366630323037653735
36353536663166363732323236613137616430346364663736336232383437396561383138653732
34613463346534396338326633666631653366383235646133376435393264636639613239316634
32343232326130313637396131313934666436636463613037666132666330326539336464663537
31356330373534633761316164396630326137663835363833616530653063633632386631373437
37313936313936663666326465363431616663356437346632373736656265663530333835626231
35383064373732393066336631643362653064633830613963616231373663643932353432373135
64623236326564633663333631656239626430353937636262643237396633383030646238396362
39356334373330626266356435333063306566303362643335313739613731353739613165396430
33666534373765333932343738666236356530373062376661636663326236663132636136356266
34333364643636633934353364653834383038393430363538346534346561373734303137386130
61373664643832363066636430343064393263353530373031646261363238343361303861643266
64393963333738333061663939643861333637663836643866623436383362346263323734306230
36303434663865373037346130376662333265353835326131663636303936613566626330313862
38356164626363666361356261343131343935356337383461313533613331383862306635383334
33666163646237663734613932363964333266633937623866393463396633613538383766616330
64346535326534366662626234353536666233333939636439396665346163663862313532636632
33303731343836636265386635636535316432316139636636663830366434633231656532613331
61666261363461383532643834636136643564313061633765633965383530623634613065313565
31656366636235663661383735353262333939643066663166613561303836633861323264653363
38323766633833353139353861653562643166643434313933643665333038656334636231303234
33616138346466643039663336383733653233303836373537636431386432386438343166623832
36613134353862323132646635363465326432393461346436323162666564663564313962363864
31306566346233353031343731353835363631613635616138306561316336663665336636343837
63383962623133323935313665613333663461346563626239626131626161313435356566313136
30653032653963366239383633616164353762633063343637623632663030343730356665306264
34326339353435636431363235636435623332646461633631623961313262613031393865393161
64323930626137653533646435326462316138353665376631386438346161373762303735326331
30633863633635363835373238636364666633306230343939656336653030346565383638623365
66636431396435333638616233663334663631653138383464373432366166643432353263323361
36343933376265613130643765383765386431386464333864356665623666383839653163656235
33656239363134643033326432313737633263356238353331653339363036663836613232623561
33626462333835626631663239636531333337333966366539653134613038303437393330643334
37643938366539386430343831636565336338353965313231376633373635616630346265376266
39303063316461613637356130316663366635623062376532313331356332323733313062336235
65636334306163313530316532356537666262663066656164343130336237373135366265646131
39313566613464376533333861396438623561613536396334356335356531653736626137313736
31306564366465373339616337363238633739363866393333636631373038396231316463666662
39346237316630366265373464326264343039633930376462366636666166663338
