$ANSIBLE_VAULT;1.1;AES256
31346666653339323133613338633565323739333739393964383864623538663262663839376532
3761653638646163386566613664306135636338363132360a343938626565326434323463616333
36646666343931656265383338653830653262623966656266343636313834373636386433666137
3436336161313066330a613665653964393763306535623033373765356561656238396532643062
38613932396134353465343663636261356461633264643137643664666234303762356436323730
36303234366461383630623538393837643937353334386238303461326539313135323037373233
66383261303436393861623439313332333165636539383630343932633234633833656139326136
32383138663431633937313664616336313965306331346666336166386634346364636663316137
66653833346439393136343735633031636466386431303936306134313139323165653862336663
32363038353362613962383530393365633134306164396438393561306630393064303737646638
36353666313831313638613362373835303931373238383532646535393863383238346162643838
31333838366537343232393038666161323135393832313538633537663832323766393831373631
31613662626432636334373662316433376434613066343063626363656234626130343134393835
36656164623438376433623531626364383435336137613431623830636365626363313663663339
64336338633064643661393162663631373033356336366666396536353466306231323963653838
66353930356666363731643464303961306136366333663532376664643666326535656333353561
63396561643065633564383037303733656135333061333063353734653437316432326538616461
35656361383265646531323334646535643066666131313537383935323934623937343233396562
65386633386136363830383236373334323764666465663764333736373961363236326533616262
32613931653765383232366161316362346666633538643462376363653563353335643030616635
36636162306166373630393466646663633966653237366534333365656435656239666266613432
39396463633063393166633834643664633864626266356634626430336234393132363633393434
65396638666334663561633134356436333263663437343463663435396137636330343039326663
31666139396336333865343038373236386664616338633435643265653635313064316438383861
35643539393965323065663063656366363834326662336432633766313463316463653038613963
61343435323561653436336332383335656433623536336634343633336131336262653663363139
31613566363030396131616334396164303539623930386662396165386434666361613462393665
61363362343763653731336462633766363762383062666164393631356361383764333336343366
61303635326162303465646432643534633733666266663065333937343864303230623234353161
35346261336164666333653665383331653039346162623661356264623434626261353032656465
30663965613937356363656638623138623462326632373230633265373762393161343461653235
34663137393732326333386632643432616561613733363461663963386561366136636337656564
34373433343235653431616663346466666464313861373164386663383166613335333830306439
62396462326663393763383534383533663431303631333133626631646637353564303137383832
61366630343537313433616233393933613739336661656634353436306165306234356466353566
61343239313834346339616431353530393365393335393134643131363033383863343235653465
37343835366664393232656230626439323134363931336630353335663631306366396639346465
31616565353864666531343634363537316162303965663964326432643837666234346137363132
66393035663166326164316231306632663834633561313639346430353165613234356535323037
63323335396334613737626563393533663531376538626636313539616430396461306133343362
32373766643733376563343762623235333235386561643262383266306664386631626565316235
30376561653330323839393436626135343163646436356266643866316266633332646263333664
64346337626239623037666632633737343333303366323466663138646162306364656466306265
32633864633039383238393462306635386366383539373436373762303631616431666165636561
61366561393764666533656233653434616165626336306237656464393735666462343433343130
38343239393666663964393366386630383231313239396166643535303234313231366361303532
32386563356262356435393135666562363061663635393538373935643664303631383230663832
64636235333332623634623032626261333535343862376339366164303365303732313834613531
62353766663363346366646230613733303634376264383832653162333464663162366566343763
31636237373535363663373838376534316162653537393732306235373435323938623437646133
37653566363564663837666664303836303032306362303865333761633937656631656433353664
61373539313339623966663536366166633133346232393464343633623637613334373065366238
35653765366362623464643962303962613530643331323061383533663437636335316264616433
31303861373363316336323535653938323730343362333162313537346130636336656638636233
34616135353833306637343538373161636235616535643539646233343864333032663162356665
32616163656332623561313762313062343234336161643966363638646364383066393965353936
34356636306232666630373333313834323162356336333836316166356565333838316166643630
33656335316430323965633334373163396232386132613234666335343830623635613537306134
65313631646536343237643366653637643164636466316533356339383964613462633533306565
32346339393737343737393466383632633032393765653765323730343235313132336630353339
64326237636133333365313738616135653439326533613766646238383062643037336563616635
31346539393235373032613136376361613830306332643235303036353938346636333962323533
62633438316662613035333931366230323333656565623564366664656130323965356436383234
37396163393236633431373039666136643365666163313230393464616331333565373061633635
32313234316234643035663834333635336431666235336435366466306665343335336536353835
36326430616163646663646436613963636134633932656534623563333365623931373133343266
32633563326366363438366334666666343831316465643366653838343331376430396236613263
34393132633031333136313933373436396233623534633531653138646634626332633431643739
65343935663237633266333830323561343632653637663163613337366634663866363237663033
32336265643864333733363166666464386132326338613866643166356566613638643562313439
32333339653561626436326663306536623464373561363937653063353566396437356464386639
63373030366434373062633761366431333339303861653638653063623263633932353964653133
39616164656564653661366330333761646366306564333165363531316662363839656339333466
34306266303865663038616563396432383062363737626132613864306637333938643462346561
66653832306366613238643432616461356231663264613331353730346461653437346264323336
32636433643630386237396265633862636239393564373462636361633837363035383533666262
61636162393833646335396335633230633035326132653464326133383433623838336362323436
63373363643466333835623061336334613063336264323764396638386635333034643263336239
31303630333534306436373330313832643438633161343537633132316465353664346634323339
37346166303561623138633437653536633835316461386233323831656562643963653666313064
34313437383266376132643732623062376536383838653966653737393933373035376332626235
30363236313562616533316163616462306536376335363732333838383936323432623530356336
65366265383334346664336164383630643438326564383633623231323537643434393465323435
37643132366439653462666336633934643162643939333932333764613137313339333438386566
66366162333665636565653934356336626139323065623662353230393135383163623438336536
35303637313335376332303535623935346665376132633033353833303731643431323336663232
34306135386436656663336238663130316365626562323736636561653337306532396466323032
65386434326639333364336435363363373439396364386331326330393432386235626637373165
37356664306131333165373837663565313232343634316438316266343836373934326130353061
66336336656431326537666462643737623037623664663035306235373238633833636430343139
32366361336532396634303362323463326466326539653734646436383461373763363961396661
31663236623061346238653633666136636331333464366133646231343066313562663934363035
34333763396263373431393738623461303239653935383538313733663730653034633232633964
63633763623330356436666633653135646238353332633332653031393937613939633364653637
31313735363762636539393361623261306361306430666332353031343666386231643461366233
32646663306536396562333464323562613761323166353532373935636361623666323763613335
39336439363333383039633437383135333161633161616435343062376163353135623032366263
32323964383430613234656339313635386439363933666634656365353236363166653634383737
39313231353365393135383562346362303235333762613531643538663163393731656332326662
30613061633339636561323639616361356566303632393931316537313738396530653130363030
36313635333561363238663731363630326431316632323862646338303865376234393065646362
65356537386362346434316439363361333637386264646564663237393666343864323832353336
61636638386361623935363236663930383262623331393361393531396231326239323138373865
64386631386135383239336531653538363761356237343261623839383637393730363536653663
30326232616239633464383630363466323737663833373532326432616137353763613864396436
34626336393063356261613734383964653133626466376136373238323933353334333237623233
33633466343962323063383330613965336232353539633339393734343832373634383766306435
30353961376135306661343638663930383666396264393635386439646134663766303836613265
36626133323235666662366235633638336262623562373639373131616663396135363466363836
34323236363732653034306664613332363336613361303963343231303930396462353864626236
36363239666364643666343832303464313934393834343563626636346233346133356130343632
38373238303663326633393835653238346266666236333361666234636339346530306162393764
33636465613137653935663033656635666435326562313737353561306537666537353661656233
37333739313936343532396565633333616231393466373437363334663039643362393663363762
30356466626466653235356466386534653930383335623437346639666366343739333237613339
33613037336637346565333532393634316336393562336562383261393737616236353864623436
61646139383763333030343638323333376163316435386331393766633939643061376538356633
33663837363932376461623265633238643861663861366566666432643431633566666566666138
37613561343335383964616364663938303362316330376537316163613334633861623730613664
64643461366532643433613566616165656135323532623330353839663034633035326531626438
65303232303631356337333764663462366434303039346166343037343966663963613037356631
30393165316338616334616636626334333563653262356331626563333166633336636332326231
39633665346664656536653738366564646235313935393833633536346636636331643164356164
62393239663864316630313066383434373633383739323366353633346265313462323238303839
34373636353362616239346539306262366630363032616165663131333566373631396530613236
64356639616366363539613065313034656635363233646266363438353666643464316263393137
38353237653336343239393438653463313135653062313866616335653435306266653032663437
30373661373963353332626663363033303735373263326562393234323337353831353338346430
33633230326564653661613637343664623763663661306432386335303032366564323634383032
38336561386264656561663965643262356263643034373363653063313064333265663363393338
30383431623933373139383339656631333630643931396264376338303739653939666164346633
65303465323662346261313963303436373064336661653130313338663661626338313365643939
66363666343536336239633539373531663832653435366538376139666132313537303830646433
36363733353261306431623962336364343862313332326433373165323231373562323039343130
38613562363933343933643235303737646130313966643736666466643766353033613233393431
63326238656439373236663763333037633137626434333661633061613739643730663632646433
32376638666435373437663233636364323361363766396336363061343635303230363864303162
66353139303730616163396262373734356138306166393931646133616238313664316437383664
36353835303432343862343864326237336366303162366662303961326361356563353266373939
61636431303233643339336363353435396438653231306132633263623636393238363638356363
65323137383365386361343736646661613362663634626233373134626466643939363664303133
62306364633138346230386365373736353838346636653430626265643637396664636165323566
37336233316132623761376338336331333232333362373335646132306638323562336163653332
66666631303061353764653938376539663635353834373031383966616165396365393161356464
34383366383732663839623864653638616439653430336565656465633330623139356435396334
61666461306662376663343363343931386163303464353766666261303863663535303462383432
66386666323764653834366261643537393962333831383061303464313130633135313537306366
39313761313762613836373465303364366539363363343163636633393235373136613734643437
61363831323763666138656437363330316364616532663032643833363334666335626530356663
32383937326335396533396234323932343233633335313232616662373933396464376264353565
35373837386631303232353838396362376431393966323839306432663632303239646562663733
61383063613366396237393462373032356637393737636237633936356664316164353732633532
33383534343432346434326565316564363363343063663864643663386462363364326234373164
37346661323638346263653663333266373039646236633135316662643830656136663231383139
64656437326132306339316530316563306664336637323563393936356139643538336335643564
63306237323339333032376334616535363837383936643065383239636533333565623632633239
36356331363534313866616130636431383231306530363165323733623235366664616334353130
37653436393462323331346233643137643839653831663663643832326262363162316635303063
35323530643535626332623736303765383861313834396663623938383031333039623530613364
63313331613163323137656339386564323663666332666263346132656330663232326133363630
31336630333361643164643830346363323834333331636532633736323133346161613735663032
62626438353763376533343439323736363633353432306330623230643966663535353431313862
38316237646465376131633462323734326637626535326130363264303630613633613334653539
33336230373063653537373537303330323637306230376464343065633932393861663566303432
30393662333131636364616431613038346332643461333238343264666165333365636230626530
33396164306630613662633263393833363365303661323565363930323030353132623934373938
31333037636535643264303563323931393433613461623930663861663034303235646531613965
30396163636232613735313762363862303933643363616163613631356531613135383638663063
31343439633139306462393963636165636535336132303934393439373830303362633864316130
39333161346233626336316161306437343434626431386234383037613861323834393339333232
39633265373139366363643961323162333865386633613363616238333132303537396365353630
62383262663165366430336431653761613663363032623535353863356636316238636132316233
37333130386364343661343335333362616263353834366633373261303365636534
