$ANSIBLE_VAULT;1.1;AES256
66626266323835316636393938303061333635363336623138313264356137323661666362376465
3333656166353432363230343934383933326636383035660a323330373337316237646561643738
34303838616230336663383666633532653734383534386136353961626363383238303035396634
3836626664666333650a353834303034633234386334623035383636613831643865333930333135
66386134303831346139376435633564326562306638353736373736636132313436653539383831
31663861353135396337346562376664346236313462323165326238306533336637306466393430
62323733653334396162393632613364303361626530353134353438353566373339653430616232
33663036653632636232633762326164313863333465633134393236626164346337613138313739
66333934623665623031616265306633356661373866633336633663393834313837666531383565
61653164373034626562643138626462653534633563623965316236656631373931666333316639
31666161616233373263306135353034623739323532323039393535353235313539353234333431
37653964383233613037373530386662313566666334316663646335633866313863616139343363
62616162656262656233366335386664643334646233343166623034303766313266353935623362
66323931363433343666383861346231663831383065353338643235346563326562626434633165
32376339623266343639306134623436636236623138333365373831393365316639313862353633
61303737366139663934626539333662376339636561383837386630313937383661353264343865
62623531356439343066356261383137383662616234366165336234636662393831396431303961
31396466623930643062343331646161393637336333643034326338386132323030376165616266
32633830613334386666623031643438663236396466653166656563666665643833366132393739
65666561616130303038386135393066613136343333616562313730346432363839633634353239
32393265323039303335376130306461373631393861383435346238373434303361363439633863
63376331346237366263643539376432623665333961636435396535633034306362376162613431
36376663303762653463323161613965636136333431306461393535386266636234353861393531
31343563376539393333663337643338376537643036366634303338373961633365366261616437
31383637366361653265326432666538376462623737373238336135356335313938363036393432
38346666656365383066386235326664646162396235633064353366323230646534323165636463
62383335316533353538663264323739663730333535633836363364613939626264396634626562
62336431346131626231366435373037353661656533363636383636653538373835613261626637
64663933646338333961393536616439353265623532636662343832613862373638356264656235
66363039333832326231383031613735623364666565326636383538383463386436383164336536
36363765656133303338653735323331376135616366626638333066346633396365653766356432
32653366333738393762653637613636356332363062616364633139383365613731653235633966
35313165643838373961643634346538393230623233663232616564666637663930383230386336
66313430313639393365653230636263653532306238356538323731306565333338376433366466
31323837376365636237643066613064393665386536633465653461373339613133323939656234
66643139393363616466326637613237376437303837376661313261396161653762353437373265
65653934623734363235663465353638323461636332306666373936643564663465646365396464
66636535356230616634386262393061323833373763373237386334333161303533323935373462
38616334616463663466663263616231313434323465666434326631323730303831363733356530
32313133653362383762376334366164323166363830396232303762383538343561356166616564
30623237636533386235396565333235323361303736663163626263336265373264326363396161
38656131653863333264346339623339393463373065363861663436623835613563353631653232
35343465323933323666613631346537643632383938393737636336383335333433393936363234
34326464636562363066636533383563653164383332316532626632653332613265353732316634
64316363663965326630613138343334613339613832643938636463323330326365646664343362
66636663643466636163313435393562616131323538353238393132323165363864643934653563
64393630656436323461323832386261653233343034303732383534373932353739636637626638
39653930626135333731396637616161353831363566626361663562613237623634383761643961
36346162316336366634616333303663666263366536646537383934636438356438316434313539
62326239643564646236343934323939636135643039633432643138396532613236356232363737
65386234376330353264396530306162343832633535326631633739343665353335343565383439
36636430363866663337643834636661313638393230663735303230376439626334633364643739
33316466616137383834643463626139333862613530393331363065396533626539343634623234
38336539353965313134376233653730383532336265383561366165633661626465326436616666
62643235363430326363303932323232303738383837663439646435343432323530623934303336
64373038613231303766626537393463653166326663353238626339646334656562366462313561
38306532383330613832663366656539646331636536316638653339313435336539333465326138
61623463626264393334363234643336316132383361633234363232336263623865323064613766
30313738666163613633313831313837366239383535373264343230613865333430386636326563
36366236366231303162633861303536303334386663376333306636336262633132613864393536
61363732616333636463373732653739303762646435653437373538343939643565323239326336
33613030353761666465363939323230666239616334346662346166616566356133313466643938
35396531343039616464393436316163376362366366346361663939373163393563393631373335
64623933346139326530663835316661653532323364306632303131346532323162306235663330
37616537363335356637616635323630613665346332646530383236336139656461303136666438
31616334383037626463623766383336353032613038363062626335316636636539653934616637
37613131623362633635323564633333303039346466353465346639666336306661333161303238
61663362623061613732393866613236326335383261393639303435626431346435363430663835
32643864633832383932366638306262353065643364333762643937633264366536363838663530
35343235323832663366623738343038613035303835366632343337613132633637323632396335
38346638313661386665666236653562343463613562663431613231336266653064616336613934
36353239336161653734366134323335383534643465376634663665613533666138623965376465
32656239303866313735376233613366663935336639623332626632616634396638623466343961
65333933363433396164383761663633656437303537333739333461636661373331616430393136
31643139383863363330636332353036313761306562373932663265326434336639313032343162
36656134653635363765623265643562373131636565326439343935653134333931343837656561
37303334323430336364346164376336613862663464653430306333343636366433663461343137
30323138393336666665663132376234613538623639346437623638343162316135616239636263
31346433623235396465653335313331623463666263323839313935376430353936356562613330
31303464646462343330376433336661346332626331643664343331396437303664653831616333
30323863316132643932383363373566386163396138643939393366646563396639633735366163
66633732653539373635643832363363323438306235626438643333383135656365613637636661
64383233323961316438333634333463326430363635393466373733373863333066306661303563
39326535616665623961316231616565316239383036376432303662383633313966346538386164
39393037633364353463623633303539323433326335616137353230626463323937666261386336
34306162653839633364613135656534303335333138646462656230646662313466623536613062
39333866653662366461633638303664376665623138623138616464313936386538303866646362
35653938633433633137323939363337353763333237663934616234353630656531636533666238
61613033386631623563353463616330613336633133393237623965653136613730393434366436
65346239356162313635383166613761613834346237633335393135393635666561336235643065
31373538663263326439623633396635663364323931326531316564663765643436383939666133
64616632336466656465653837303630393033303764613464343332316532366235316232643461
34633738366134633864616238643034663931333739386662643164613565643538646361323865
34313536366166323934373132323562383635633732646662636331323538653433666165663763
65323532356236373731323032313566356366373032353137623034396332336664643066386331
64643530313838313837303939326436336164623663373637383739383061643166373239326536
64376135313137643262656466393232323434643739343032323439333535376432323663626138
30383139353461653063316163383435373436353635353561336633633139313332383863626435
32343366393064646532363261323139393731633564326236333365656265633866386231303837
31366437646133643631326234393065386166323731356333376335613038353133636132323532
39346537343932643136343930343338643762356566623363653562386130356562366163316465
30356630366336663233663532356362353033353530306332656264326439366132346531633761
31323763313634646133336430656231393161363661373137393365343035333430643435666364
37636264396132613066623733363636393132633164393937383338623933643364366664646333
39396165346366383832653039373530613830316432373739373331643637366364343765313533
32336139373064383064636263613530383864313962363763386134393530323863316463663064
32393464353639663732653633643563376539336364363361613239613436633865626536393766
34333530626636646233663739323233636464393261356161356133643137353061333761353636
39316330653334616433353837303133616234373263373632656561316563663563326464386166
66653366353839633061616137343033323761373266333933313666346363336635643239353935
35313230643862313337633366396538333630303935623930393565343735396230616565346538
66663636663662313634666233353362383536633066346465303239363633663461376266643633
31383036373037383063376362626165643063636130366130623662336333666164313831313830
31663461326235316335343230396130356238633461646633366366636333333332333139396462
63643839666132666164306637646364623161343832623030356163363666316437626439316536
63373930653638396135366161343439656466663731366336363661343235623461343562363230
39623366613030623035303531303764363430396234393864383532613931356337633531626337
30643063316165336461333565313339336134373135346232336338363361363364666632363236
34343664643032383533316335326262613539303736336564613435623932623263306230383538
30636632633463326463386262613336306337306166656532356162376263393433343063313064
61393434303364393133323034386266626337643566313865393833613065306564366439613965
30323665636165343163303534313231663835393738343136613636383439353337643830376366
34666135643835373166366434303138633437663430613533666464373530393764623363646633
39383932373466326264383835643832383035643437303030373463323630313438353463373563
62306463653134626330643935616639396234663337666137336365376533626261326431313239
65626237376137363939316537633939346161333730326266353935366330373464616333656633
37353435663663383938376638653361333130386636373666386561643336313536393339336265
64366361666234613530623038623362623661373135306562316636653838313831666238336338
31383066326336396264663364626663646164376132383839303936323130353338613336363438
64393339373639303063383662303562336531336562656531616661323261303464326234306130
30346531333537326531383632646632376536333364313166303735323162323038666330613463
64373139323163393966346630393730623736363239396339333835613137333562373664363362
61633936333263303035636533383531373234633465383838316363623236653465626333303134
66376330343561623561316338353565633733663831303566323963663663323564633639313534
39333530383966333431363333633566356134303266393032653636663461396132633231333432
64643032633731303636656432303134326637333263623431313538613162326532346135373738
61656534336130666463656664326334376361336165653139383965633937646530633863626630
37393336633337316232646561626664623039386130396338313432306530386566383364363833
61363166623938303964356466656233633230646663323731316464316538373330393762313864
31363062653261363736643263633264343938373033306139356437633933336233656634626163
30393965616362646336613664666566363936383934313965386138323361616335323438633530
36313933373061356136616366363831353164623336323232326361343633663137323030353565
64373264336535633162313165336132386166633733323430663661343039616361623364613137
33653362316463356666656539373763356438663263623730303936633130333865373835663637
37396465336565383633333864333063633937663861366265633536666631373662646462303763
34383865373862306464623566613635633864343761373434613764636533616365323162623031
33643261363838376162383864383732346561343032316237383264343538376230366561626239
34346131323362613531353265666263353232623732383764616230356164656134303634336133
39343335356437643136643361316463303336393830386333386237356165386231653061333332
34613032323037386439303165643861373765353566613632653064653930643539336463343763
61343937313464343430386634613839396532303636396331333930363235326537633433663638
38643664323431353862353061613431636335316532376266616638316433386265663863613938
34303662303433386436316535306431623731663932626263313735393365336335323135356230
34666562643039326465613633373564363165366332323662373263666530663164316336373635
33623666336338633737636638376236313361303332336662343537333838303161363565656335
38633832613031353837323735353335323165313466666162623435353465636562323164316361
63343831313538376138323566313435626330366562343164343633353134356166373763313933
64666466306266303230663464633437303263383734313963373533373061323661386336336166
31376534343664633462633435353266623633646538613037356535373966646532346338393831
65623964616339353662643136326636343331383532316264633438666131376639363264336539
65633931363238343461616265396439356433373136376436313562656437376166643464313466
38316436343561303334646465373335346562363033643932306264336239316662653663376430
66623835393839636132323361336133653264336131333038316139343230663832656534376530
34343864633561653735313661626362356431323130633137383566373438313863666432636465
61316533303830343665306639383164633436303939646339373338643934383938373865623136
62356534323432313538633432363031306164373034373338353036353537343738643333643064
64333530346337616133633833663362633435326266393834333838356466323566613362343436
62376436363664356634323731303833396634613765653564633432633262376332643533633537
33626262613030633738643662386637623239623931663862656130646662333966333336303366
39363239666635323466303963613833626161306336656334373866653665393331373038636665
30373234643961303665666666376334636330663230633736353039343237643833376231306232
32373135663434393664333038343337623663356662333633326465666130393433386361343563
39356336313864653761343730396532373839353663626237646163383566303933
