$ANSIBLE_VAULT;1.1;AES256
34313835323233316137303162316233353862616630333131303238613564383266366237333834
3635306438313834353837363130636362333363306335370a333537616237306664303632613833
36353366303430623263306232666663313837656334643963653962363966646636306165643832
3762616165303363380a336236626264393334356130646164333836303837663865663837393630
39343735346366623265613732363035383061336332313062326264326235303032326363643233
63383932343037386364666237616564306666646164656232353833633038383830396230616539
38323164623765626638346566333533643731623232343130383837353534643563383733396235
63393863316464303935326634336632356632373931666362623238303634343833376565366237
33313333653438616332626638393162646233363661626464353761643863323663303832383339
66643735343264393036626664656631303266363337313736333932333236646265333435346335
32346131613131386261363136346338633366363863363463346264336431323234396632393136
64353830333163363639376362383433333836623463323666666432373433323732383333336163
33343035393031336566383735653463343062626633356334666265313033383231633434373538
30326239663638393133353563666131323964396361646661393962313164616464633039653637
61386630386237633539613265353635346131613166653365313735366339393534656533663931
65353631393136663534386232613032316134386230626538306331316237313563373366393833
63646434636666323834643336643163623933393466633132663361653734323964363235646532
62326364336133376365393130636639613037303930363339616262643965636663633862396136
37323464393866383962306661396532316339373838636431613133363032626530326366353035
66616434333731373131333134376364356461636134666635336633613062646535656366346666
63306565393436653739316365353830376662373538633761326331393063363366303838616462
66326364613031646539393464376531363765363833383663663434613766366238363335343334
37643130623431353334616365323861303061366333366537336134616165356266393333396566
37343235383838376132346361313031613738393539663336303239373231363264623963303534
30363361353433383135383132373230633531306463613762613231646166393430373432626133
31623934376365303865333630343038303338376230343632616135303531396563616634653063
61646434623861633039326463373835356361373962353133353139663931363833313638336436
62633962396262626436303564653664383863393962373262636463336536616339613036333865
66636233356162636238383761396636616238636161356562366239643739663561613937323134
32633630626565303530383762356161323037386436613339376430323234353035343834313231
32306238653230363162363362636132356234313836363434643835663363346562666431343137
35346164623237656666303239373461653438303931653935366237663638303264346336313433
66333763623530366566303763396562373765626130343330343230623437646433633032353762
30366463343066653936356438363832633966616334326261373434636531323162323339363865
65636133393338346263356339333531383266653637353330613631393164356564313661373137
66343132613033396135393935396536613837633932346636303235326433336561653137363931
38613266316163336238303165323665636166653234393432303063373536653166383039613031
61383130643033666466316130326666333634623739386666333931303231623537636439393565
63373666303264316636313362643633346130313838343232313362393261396238323861313865
66373338343538346661323737313633316361363632313333303030336137303064633836323433
30343736316163323230336539633264356230623439316137616535643163313136356464313333
34656236633137663134643261363461656639323733636561643566363564313834336537646331
34363132393262643164613064336161393463363861326366653430396236343234626266623661
33613762643565616534313132306662373766356439313130336130363135653464326238623866
36353733373130303866343032333730316435376538313861363537343638353836653761396461
32616463656638363832366463303234346163396239643034326136356465636536343865356134
31396233376233343432623238303061626565373165623462653438633830366331306338663461
35336530313365323631643839316661326133306231353937376364626661653331303939326639
66656132643666663035636238333266393166376433373530313238656164343133383634303831
63653137343664636336386333656138306334643466653734616463393434623435633666343537
64656235393934393965613134323062373862656261343130386235633239643436643933323235
62303266323466663361633433313934373366656234306433353736636336303331386564313130
65666463653361656132366465373337623431333735333064343465303136326339353238643962
62353764353162373037616361303038303337666266643332393135616236623637383537376661
66353830626638386261336131303634373435383131653464616261383333623437663134653631
64313138666663316438303838613564353939613532366330656661303464346362343636373465
64363366663432383464656139363639623932623339346139306237323765643338623430346463
38316536613931383239313930363634343738373962393139393538336133663762383965383433
33643236333762626531623539386438376363376237353062616563653266643737336261646462
35663838383963343462646230626166613035626332626432393833353832393963613839376563
30333534373065363863393964356237623131616132303730623062376430643630363634386334
62323539386433376332363439396233343036346464323566656631373734643762303162356566
38663430656137326238663837303739633762333862633564636636663533336638316462643164
62643438353934336430313161613661333832663261363362373938363866316661343765363433
35366135653836306333633239643739366664633539363434303465646166353134336536383538
66306331373934393836323666313364646134656132383264626437323236343836333031383035
38613632323761386334313366616430646138616135326463353762333337313662396538346239
66386339663663366135353134656234636366363931313631363465336634663639633938306533
38373131663063643230633366626361643764343863386465333936313232376466383135363530
36393664636664373730613465353139663831306263666566613637366166346336386435663063
61616335386135653432313965323630313261353133613430343266363938316137623532653761
34636661396633343937653037623232336439326232616339373666333666366166333939636566
39633839323862636664633137383433656530383661623362653861623438663961666334313365
62356666613462356136373835373433613031653634393538616463646638616631643130626163
33633831313631636335353036643163316330313239643830323837616236366661626134643364
35346130336161326131313332663730303933353338343333666563666130623539653339316262
37316431316235666333636636626132366634633433326133356562333864323662653137303864
62633435313863633961613535653836313433366366353061646162303964333138306435666137
35663239626664616335303532666166663166353963393031373130386335363639363362613166
39343231333733656166626163306233663331303834643330366462356239353735356164383333
65323863616336643433313631646131613133666232336231386365333634313737636639346665
30363766663638616335353136393737323134316262343839373763383132653561393635363738
61376138613336376134393936313138353736336434363162636139323231666431613038366135
65363839363433623539373636376539343436613562646536613238303935303334653331313565
61346363656433643761623738323664346130646533356166303435393934386339373534643864
34353963333231656434653237626233646434613266356534636131646237623264356133386533
65363863363337356238323638653338663362346137373238666362626535333334383438316162
62363061306261336232656561666537373439333331656136333339613537386635663864643630
34343964636337363338336638303739616436323335343461383736303061373938333236626663
64383032613933663831636163363566313432633765663935393836326234616336663535346138
65666336373261323430613736333834393638346130326337626431323731356134303739373336
33303634393337633938353134643833653734643839663066623635626265666561323937323437
61666231306232383439333562303333666261313965383965626131383632393933313930333030
35396435666538336563343664393132373738643062336565373764643666373863303230313636
64643132613663636161356161356162653938623438616563623036323165363138316563346230
62643137336633646534616466656366363632313630623336323763363361346539653330303662
39653566616464353736663765366261666231326334616635333436363663663663393239393165
61386538383062626361653065356131386364333734613636363664646166303934306233326332
38653939316465306131366532383563646233323636633337303737383364353136633466336465
36613266663730323530343435316239646433623335613034333934623032386530623132383864
37633539396261393538373039333437343733316661653863643230333934383663383038643866
36356532316439366434363962393839313435383061376535386138363662616633336331323665
64373262653538353036383239386131306237666562316131363734626432353439623665616564
30396339393431336330643562313539336334343035356339363639393630343631343161336631
63626536623531313831393531326130326136653834373137663662633630303838316566343165
31373132383736356365356630393232393664643737393432346466653033353034633037393863
30396363643130626664386436376637643863383835376535376239316638383637653337336466
32636230333537383235613062616661653437633136613837323530393037386534633961336531
66313263343661623962313966313233356561393837313035653937366264363732333333343861
63636634383061656135386162343138353535366366633838363963333665633863623332666662
38653736366363326330323936386535393934363636613638626338663565633263373262323732
35343830653132613230323963383531363634323634373732623263383465663038636264653438
34326238633238363538396339356330333739363861373237656433316364656532663366353936
38633231626161626533346163353865373839333636316135353139306663353937383933303166
64323139636234613062633837636131383365613839643364386538336263376334316461613636
61383461643933353732663139383634306262313263356430333633396464623933336262623432
38373533643037303533623265386230366439646262383061626330633431613830666330363164
38383331623131313061616233303538343330376435326634306234396334343763353331393839
63366465326135373132393461323964666136646262613630353164653137393732636635323363
38366466353730656361316238653066613938323431313133633237656663623962323136323831
33336465343832396132613464353238633633633833383562323534646539663966653939336562
36653933313565303134343533633036346339376262636339383338663336343737376130366236
35643137313438623964333737356335386634626330623661313761326337633733623534643063
63356262636130306462636639613464323366373936326438643664323634316636626163623764
39306631333162323063656331636637646430633833643063303662353937303762643137353430
65356661663039346561313866373130386436333964306465396534623064353932353934346266
34633138353866343565343531356166396265303737343538653765373832383734646434323230
36343838393763643732623935626332393830396162323262346135623962636665653635333135
36373433393135336164343530633930396133343730353134663863393637666639356236303862
32393333353563366437323461316363346431353839666536373735323137396366346637646266
35326537393532653536396130303964333032396463313539303430666330306336623562623837
62653230306237643930626537643961646132366365656461666438303965623038353464316635
62333366376438333130633635333636656139666333353131396139346337633237356565363931
63386232323665383131306163643439663732306365656635326633353133313731393433343336
35376535623935623637316130376235616134323033353062623163376231616664383464633965
65363061353361323861626265636237386564393632393933333235373434323737626665343564
63306461333130343363653465666532336662386439656365323338383961353337376464353439
66386137316562396631646461633031326131656233626363303062663361313138643564303834
65646133306665636662306234626135366166633737326331353936616166303938356563313139
30316666663730323138396631633336376165306537663337383037363966366330333634616132
39373533626134326237636539323130633537616236626433616635313435386635386138303438
39633664643164326263343961623032393232386364626639353134333538633065373262653663
64336666326334353933646630663064643762386132356262306338313131373261396662356632
36373236366561326231626431363839623035313431383461656462386161353738323063653135
65393166313432373565313936383630663939666533333961383533636661333935633961343566
34333436646464373439653163386362666461306437653132313762633866343830346339646534
33383230356537623233356431303830313961366163303635336336353966643566343539346364
32656361326139623662393333373862346539633032646637626530333830653838343165373536
61623231353733653636366263383766346635313730656334343966393332613332653831396334
66316465393832373363613461326563616233306139666666616361373238313938306634366430
34613435626134303864643564336139376630383631643839666136393366313835366638663033
34313434316266346135633134306634386166643931653534333565326438653265653432656164
37393437396232343064363230313739633432323539623737366139373934316637386235313635
38343266396162666564373631313532373462316139353635396362616233663065643735633636
39336365656536366535633230613338326564303939663133343632663030646636633430353934
31373462326636383362373930383831613831663263643566636463633735653634623733626333
37613965323266303730393838353334333635343331303237643065656135336236623439323933
31343363303261633762316631393738366464616664323061613164333132383334376630303236
39386139616665633936303561303932643236623235616465363137393031633163663037393131
34373338646661343331626165626334343834613339373665363264323338366361643734636431
31313836373832623064663865376233613530353366316262343736303737343865633735633436
64363933343566313338646332323230626136373262653230613335363330633862373430323766
66333539363563326433383037346439643766326561386462633262343332633739323061336630
33373933313061363339663966356630343531346332383065666139613865666338663731363362
35616461613662613237373139626331636239653635333962366236353530616266386632653563
33336331383836316438643534393766313037663763326166656438356630613631623033356361
38616634306666346666643130396363666465326161656137343534313336343936376533343466
62653830323937666664323739333238346432306433663635373164643534633133303038393765
31616462633163616139633264653230616238616630666665633936643961633639383435643561
65623335386331373639303439633335613339386533623330363933633834656462616464323138
39396430343539626130313838356631363439393061333431663361636337623464356366393061
32366236613162393166346662353162633639326336626131643339663234393333313164373831
62653364663065663933643234636532643233313361333132323632653937653937
