$ANSIBLE_VAULT;1.1;AES256
61396530333063376435363261646162653263396130376166633136336337643139326662386161
3536353664373437666135333866613363313565353738660a396164393564353031646430643235
36303163633431616235373535336663333134643863366561323162663565313062306561323862
3766623639363534650a373534326433303435393634343133666361323634613334613337643839
31363638356366656231613538366332333530663837376631303139646539653437623130346361
39626463333838633534623030623963663135313734306461383435626263623135663532643230
63663562616434333234316535623761386134336234343239663062333132386164326261663866
63353635326234306339333539303937356630333736616535643334346130323434653334333939
62303438623161663733653139663033336133356332393733663836613137303565366363373638
35653832653537323961396165666532393761336333303265333761383632663536386231663932
30306438303334363530363433633132653938323736616438383431653233643361353232363932
61376434393034623733356136353131333964333234336439346430363839313333353134613461
35353037633962346635643130306134386532313830666465663164343133616536613162343339
64356362353130343938326166663035633037623230313837373334346335633666376539373438
66333930643038666365366637646432633666376361393961663233663837623539653630343364
34643463336330316662373438366162633263393561666134343530323465383535306235373565
66346230396131656662353934666162333637313334333231333666373136633334303964316333
38306365386530393232643131633266373834663465393635666666653962616538636433306231
34633939396333646661343536623532363032316631306432363934396262613362313536633432
37333562386362626263323966366263373030326634633335366135313461373961646435393733
35383962626431376564333335346137633536626263336566633331303235356531363461323766
65346364346538333534303834313931373161383430383034363161643165653362623961353637
38306233306637613865303539373363633462333862393863313135663231313134636232383834
61633266656437393163356131356364306532313735303066303563303531373566616561306238
66613333353135373431363465343634363131396335356233336234373039623938383831643265
61336639353439343236366263393632313039396537336139386337313535386233346462363336
34663433373365353132303165336633343938663235383634313238373030306163373434343265
31356262303132366235633161656364353835613438643632366565356231323436363339393763
65303739623231633864386439646239393337626632363738613061346630303363623933343763
62343161326537393639646132653961643433323438646165643937316239623031666230346561
37383664643232363638376161633936343231306430393339343836646436663733303261346636
32656337313861323132336161343239333266323032343762326161366234326536316430346462
63323564663966363332316133623566353866376533633866326333653639306561313765363936
34323631323839643934303335316233626130666465386236333332663137623235373336356565
65323061656166336330356537393661333231323235646535646232653134616331663262323563
31396666663863626437353035343664316264626133363963323530633264353830303939333637
31353237663332633663376166636134343266666338353939313337646435313063356635623863
61376138346466323630653931386231336363333637356637306531656535613431383232393435
35346131356466636333626639646439653337633563376433633730343237363162653236353063
33333839343830653234623462386161613736626561663535386666613162663436356262633036
36373439643661303539343462656161613464363334633163383539326130303961656462323833
62393631656232633761373637653535613738343735316233316430613635383437343337373964
62393061613163373062613236633266633365363332323562333165313266633362326438353564
62303166623637373161333833666162666432303433323961393965386332386136633339353235
64343735383833643265393339386533393438663636363661643634393437326330616665653230
34613063376339633862323137333035333835643966633334353161643030643861313237343236
66396165373161643363343433646262396535393764636235623938393834656233356630393039
38386666353835306233363330343939313365366238313636396366303030623132303663373861
37663339323032393133636432306161373236393366393732636465653238393161636434313832
35643635363931666138646235316464306164366465336338376364656537663038663533396464
31633033663661346634313865633732363936366366306163343233623538316366393336393539
62333062313336323133363234393637313339386235653965656161313937666333663263306464
37373137666537656163376437663236363934363561656333333663396361363932303763353164
65366363613137343730353366333737623362336334643735393761333833643765393161653862
33336336623930633535666264656461376166316332623631393461623266383133303966326463
36646263333665646133343765363233336131313039316130653262643235616337386264346239
63663732373763333064383636663966653433373464313536303161303233356361393731393138
66356238636237326639323861613138363363396563636638353732366363363664613066633762
38303866656539383533623333316638396561666134373766343434616537653930383861646165
64346332616438666563646430663139323233323363303337366532646331663639643362646534
34656661636232663631666565643963356161323238626136386330326166343832313863623939
36623833633631343734383932623966323835366461656234396435666161316362316139373439
64313662393431306231306637383739616664363739376365613662376330623161363365646536
61653866393162333631646339666564663137646435616630313462363432613833636463386535
38396433663031363031333538363536616236396334386663353932646233393764373635626633
31303462353133393938366639386531323932353966643866326634613533336132616132383665
35396536623139353535306635353238323736303163313661376539303161656133373932363433
61366333356530363832623463393838643362363938613437343032316162303931633334616535
64306533643038393837643037396437326432316537313965633865376461643563333238623835
66383236646133663034346236366335313530626434353063353361636164653330346130343136
66346163346234663836323966666435373037333461323462333031313333376231323939393931
32376330353433653061643634393830326133656263666361316437393339303436303561373263
33313465373935643730313766376530346130633535656639356637663332353830346530613964
31633531616137336639616538613639366438393265333761343832353739613964643236386432
62353634313065396465373563633064336363383061663066346563613936313536396335323136
32393466653939633663336637636639653031653163373636303866316666333035666564396433
62306136333861383536373332656137383539656636653862616636653861643266326130623762
31396639393930633037306234376434626130383530656333633363396334393237356230383063
63613033356464316534656530646439623966646337616335313565656438653037633138343963
33303838376561343661643731646534633064616661373565366665396535343038313664303834
37353761326536646464623339636136663537356232663235343431396131393664636165616539
63326232393431643231613136353637616662363537613437383566353962306165666563613363
65343631636334366335643933396132343962666434333131393333663836356434343932613264
34323761663539393666396162313837383234363734656632613966386431303265373631353061
31656539303535396431626233313661613735313736613264623233643237316462353630343534
38643862303466336435313437303439356133306463393938323132386537623138363733393633
63613534373638336432613238643061343130393434613337306637626364316237303461323464
33643733393433303562613239323363376665383262393264666637616639616261313739343037
61303339313039353438313737343233613634336531313835613333353861333761646362383761
37303961633430356666373339643563666538633032663838303236623430363137343638313761
35316463323763383865323562353462386363303164636462626433383463346464383061376234
33333330393664353064393632356361313831313039653732306562633039313663636163636531
35306339643564353937646562646638306631376264653430633261653630333863396537363735
39393731373063666536343830393432333534373535316264373738303232303031366466343733
37626431393964643234366132303434353735346639633663336665653535613565376639646531
38653966393965653230343532663938626265643737316462386534343731613535376263663832
34306664376535623930393933646361306665376565303263393432623664373537386535323532
35623539666165626663393930663532363965626631313764343865313262373465616438356631
36646234633234626566333962633964613338653530653664386231326332353831326466623161
61613564636261326361316637386236333862653133656264643765326236356162613061643364
61653133646438643731346533373439313466643663343761646134336337393465656161383436
38313765346333373037326561623039313563316630626334646365653439356431633436353839
38386331643035326135636238356536633061316634326639663636373332623063656665316664
66633566313432643037643836666336633334393536386230613431353761363637643061623065
39366133316632666236633234353430653465313961356634636234666334633636376131363135
39363530643834646365393435323131333934363362353735666630373161376533326361363837
66353839396536316635633132363263663139646134313836376365326633376161363965373562
39303262613761653165663364653865393234643938356238613061333031656261663331666334
35383561656166386239666238313436386138366331373261316663396265643464633462303464
66613561363266666362663762303933376363363362616164396137666236623936646435303831
62656130623562353636666535646361376535306431653937666131313739313138343731313134
34343165346436356562623931313664323838306338366339376532633335663461306464373536
34363563306331306565346238313438326134653965376135653563386338616465626431316333
63313932363239636264333134643038353135303332333834653731613365383631613139666638
64343764633666633137616436363466633937393634333632353136336464623833313233623431
34393763393966626266666131333364383838373233623366346665303862633865353934393232
35306437396136323236643163323935623561336635383638613363353061643965313564663761
32323163366133343035626435643432623961643737333634633663643666393662646531363965
36313166396632336130313832373465373661313261343736313561373136313561383934323965
35646664393530653239323535333331653632656331326138393239653763666530643137633562
65663834613866316339316536393365653162666235623539643934613032333331393161613663
39656434643736653235613134303132326338643162663361336463366165333137356438383636
35663237616662636461623837343339303862343065383361626637623166323361386534636139
66616139626364623334616438356436363165663332623034366133336266356332623235373563
32336137313537663330613630376261653030396433343136326665383261623963643463646333
36326365386539373430333839373163643733663837386364646461336161383436323239356130
37663236333632393736653630376439373864376664613832626233373132626434663763643366
36656365336538306432393330306438326232303937393131643636316231303133613934303337
66376631386139393538303731663338376563623738336332633762396136303838303732346563
35653437656361386332373462646464383666623035613431346364326533613737623566363633
66633464363837326336616362626465636465623834643166356130613663353364346265343834
61366432363332373564643561303433353862313535616566643132356265326361383133363763
34626331353463393462333634666431346133303564663561383137643537373935303661623964
65333933383563306130373334393830373430376464326464363238363461613732623265633037
31623434373662373631356164366339633238393336303639343731333561393632343136646361
31353965363439373839356233346537626534313435333537316435303834633863643337316639
36333637336131646137643230343165386264613066333964326663356362323431663663663230
36303238306366363765613963623535653732623339393736336266343435366364316634303837
32386463373636386462653730643565313637343738343136393761326362666364383539376636
62323766653638363039363130623730653131366666373134343636396465373161656366373365
34376266613338353362633438323835653765373164626331653266366161336631373732303238
33343338663430646134663763393032646433313839373935373733373065333330303966346130
65633434646136396339353339383431363032343035346666336664626231653761373233636633
32626333643164633866333165356661393236666136373830643866316539333361313033343238
37336666383563663634326236313063353139616563643138366666623565636234396166363163
32626331663162373233303637376435383231383765373266626431346439646666633833616238
33376139396463376239373066353331313833613536306463323661663830393130626336643562
35313538336164636637383833666464383535613534623865326236383565393166373134373036
64646135393463616333633961353537303761383964623364383439376330336636326337663163
38336236376234343935333231353462633436373066316236313466616466363865316361616438
65623261656236313636633566323131363132373330346136353434323761316132376534666333
65366662373139366230363732613238636438343563373038666533343539366461393534366538
32333662333332393337323565633435393533333536353938373763356463383730386463303164
38613238316338326234663233633237623836363464313631376261373239633563343236333831
63313066616236323163323336386163336561333237316433616162623436653362333261613733
39333163386334396562663635643538633133666161643035366535366466313832323263326134
31356430613533626431633237336635343731303433393462623130313537643739363831663937
39326566656435633661616364636134653565386239343535383362613861363065383965366131
38666563333131343137336637333830633034346630343236656662643635346330373739316436
63633561343136313263346535633439343461383831313630316135636338626232323038636439
39613064353762376637616132326331393433666437613365663533663566653733306335343631
61383636623930306130313730613562396336656531343863316438363064653233666561626563
30613430646164663161646437363536656636663330616262343930333261346634333665613130
34613633326237636264366631303262396430363037303634333333633262363232316537353031
32643766303063306461343266326133366565373231663537336431626466623965616137373765
38383635343766393665663461656336646666383162353333313132393538643330363331626261
32343838646636316138366239666438656336333438363035363162663135306536313039303631
31303235366366316366383530613866646538616234303364383434386637333065666166653630
33336136336336623533323938313237343932303564376432666537366437306539333832393137
38356437643763626361626636363738313932663537313463653239336232316637353537313134
63653466333734646139653737383633643435343632663631623862623535656138646562643936
36643538626461386265616263386637326339396138653465353733666463326534653335653666
64323534383231353765643562373839363337316638393538363536306362613434
