$ANSIBLE_VAULT;1.1;AES256
62303236643731393365613036343665666131653036376638376333333864613865623934633032
3739633538623838653338313934636339383062643635350a643331333433346138373837386234
33653035656336386330633036653666633732376362303534373564633266396666366462323733
3335646339653030620a363236313133373865383565656561333861343564346133383131376230
32303733336431626439666439396562656163326266366166333537363137396136383635643263
35333934363761643530643334363734366261303431663735393763313432366434353638333737
30353531666261333434353563346530313838653333643438346533333639623265393066613239
37663130353932633332313961633833343130366231643364616563396139646631643231326237
31366566623035323462383165373230316261373238343534376361303839356630346432343365
35313066306362643138633363353731393662663862386431343837313961626363346335613830
64393366383962326232333839386231356331333461326334663931393432626231303938313839
35343864336139333161343035336636616633303166363139393632346536316331306631356635
32396362666531336662393261333930363930633636356365383839353333623665316161383731
63383435636430633434326138393331373432663034643961373436636361363438333733656163
36613030316462346130313664396161323836656138376635633637333435386135373835623531
61663261373462643063373639363063666365643638356634626233373033326261376262376131
66373434326566366232613830303362333838383939386432626634303235653164623832626334
64643335313331613437653963613766313631653466633132393366653665343434303838336564
30633531376634643936626535333137653339663963306534323534386333366661643239316161
37643135623835306462383464653039656537666136643966353138663539313464623231633238
31653731613033616561336333353936656263633031616339643038663662343336333864633061
63616136656137643561306232383864346565326234353638343766383662373965643166646331
30373335626661623964306361353562316538303535376537353166616165356639666539343638
35343137623366396134633565373731393439373766656663396366306337363065353265323435
39613732643162393338346230363130376432393966386337313632323535616261656262346462
32643066323131336237636264616534363864313136383065663837386564663162326133646539
66643464643239653566666338633634306333666436663066663366613738343330316531633330
35643332316539656662313630346164643732306664356661393832356265323839346237303034
62353133306633616632653861363930623137353264386266353964653137333531643662613636
66366435633232626638616365666538386361353763616438396664303231366239353331326131
61653865636664336135626637346264343532383663626137346430633635383836643638386137
64333430643662373662653066323135333062323737393133366564303639383639366536353962
62393336303837626531623637636664613764653434636535616563306333333262373836663463
62326661323632376261623333613466633638333535353636316437333737356366646333613037
65393639366562643238373166306530316362653438636537646237623732633135396566366533
36303335656335656564393764326563373436346433663034313963653466346465393530613039
65346339373931353966313639643761316437333961313932656466666332366137396563393635
66373639323961623363653364666365383533356666653363393162643934633634353063386537
35626135626534303831666233303433643662383734633961626137636665623838633763393832
39383162623031353665373866303732633930316238376535386163633335376463343366333465
34376631303335383565636134303835626662333434626561616635343235343631383834623336
34353833646463343863643530373963663530343636653261383037323433623963316562663163
66633734616265653765613039623431333333666335303438666163643634613332303039343964
34373730626231613231303439343362626632633736313332613831396338313363373435333163
37653834623664626131306435386236366434303632626665613165643637336534353134316237
61356531656339646463333962383033313431616235383365626231363366363835393863633334
62383435333233303130343830363134646235386666633235303835376163366364346530383633
66383034643639333162616366343862663238373838343638353162613635306266343765636662
32643138666336616231653230383364343836336262306366373964653734653164333166386661
39656333663437663635386263646237336533346233336332343530373866313434623663616163
66396230336639353535656634363161343339393337363564323332643030613263663437313861
35333964633330323436353964663163336139323933333034636437613463303234646664306335
61616630366638336364646665316564363663633930396264353565373062613030383538663932
36623336383762316138663433353033333061306139396561303239366239333261373830646638
35333062613434326261353264343037666361356536323966346262346563323762336263336437
62643464613666373735653565663338613866316333333235303763663331346531336264646430
31323837656139333930303961323535316564623261616631366436663630376138383938333932
30613534646136343035626262333333626232313638316164666265626265616334633363643839
38633037396561396436383562336533643139376161366235623033633836623563306665646232
36326562343932656333333431303036356138353932333035386436343763316661633066303538
38306438366465646463663238653461626438623837653130636632636434643263666533313635
61376562383831373131393163303638663135333138323861303635383932383165656231373436
34303032393933663539383862653634646136356238393962373035626462356363363566323463
39303865393038373563303332306434326531613961643338616234663436343739336366653032
30666137326364626562643232326462386337333866366138333130373564383866333265616434
36353832613664383335656365653134363238313363663564393663386261646164376435373130
38653834613137643030326531376362303061393664306462333066356230653734326563333365
65313862633438656563353263613031336661643637626164326133636238393839376230663861
61343361613835653536646365313838323666323466323637653162306235653930333665363365
64663737303634643939333037366236363037366132626634343630613637356361303539383632
61616363376261356262663563333335653639643239646536306536383961636630666237306238
61643461336334363432643439386161663462636330353830636537336439363732353639353631
38313237363031636138333034653337396363376339636137623636393131613733383465323563
66333730646133393934393232663831346439366366663435663365366337306262613930653463
35393236663231306633666332316436633433666636333633636563613066393839646231373236
63316565343066616663383838383465343737653538306137653834396362373438663238323161
33323532373438666136386462393439643964323836616631666565326661336238366461393531
30376339333461303639373663383738323435356564633932646462326135616439396166623964
36643362656566383733643431306639383639633533646635306263346237303732346339373062
31646266613131313165646462623130396432646635373433383836333539303837376536333138
62306264383765326563616633353561353361636366633662383163313638636636386263653634
33666235656561663334613133363634653039303635306333626266613535373033396430636361
37663233376433393534303838653134376161396366353662663133346637623733373063353565
31363239346531613232316337363333333933393162323865323635333762623538333535663538
64643863316530353539633532636564316234333435336265386566636130346632383663306462
36306633323964386130363962393439373063313236633564316364613564393964623662666333
62323034633036653835353531633836653231323631353732653733643034633337663966636233
35653638316137373465313832343264653036636631383633613336633834613434363864383166
38626264376339396164656332306536616336666336613561613236356663323065663062663462
61643130326337353866656134326237306662396434336133303533613236356361343734653662
35383239623064333964386635376334363231623931623062613834373030653237333766326363
36373462613038313331376435396136366434316232306132383235386365323539616533316530
33373431323663333433363361643635306262393930343735356630333764653964306534353333
34636662353136313030653064323837303462653535313336613861313964386363623031653239
38646162373737323463646338303763656139626436616237653432393361626465616362376339
30396431626362633635633166616466386534643136666537653130353436303232633364326330
31666663623039356135626239653835343032646333646235343336396633363134356366323539
38633463333662366435326663343438653063386664313262633539653137613139373163366637
63353136663165383063313539646565396161633765303738303630303363656539386530666134
36383434623163326336646530616136326163393938336531373535613566626438663036663238
38366564396330363461363061303331643363656239316563393137356664313965643461656362
62666533643638313332646665613432656165363862633634636362383337306339316533396235
39333965396235323636646137666164393465376636373032623866653837306639653434633136
39313261623763306232336539363461336639363530633361666138333034343963313661393539
32353862393132626132353464303064646461613830386261303532343935366133616564646564
34343539313665326435626139366466383837396336613136376462643335323463336137363962
34373937613961643763613038366132313931623066363262316663663265356364623863353435
61643862386434373036366564616634313361616331633265306366343062626330333037663839
37653464373334386562393932623964336637646536626432353334613031326432383234306263
63303739643966626130643362363262656537376331656634663438663363316630356135653235
38343465653435626163656634336133316330343739336632353539383934393765663638326561
36383835643732323834373438366432313239616231663661373630366138643238656534343339
30323162346661363532613635626130333738323833613232396666656161323761666532326436
39643863366165323866356264336434376635386266363039653665393366306135313063366162
38333738643962306338303965623864343861616266313832636337396164393836373563393463
37613331376232346537303863343534353035613366666364306631343936303262333632376465
63303438633333386461366362653534376132633339626666316266373066666364313933353138
66663931653135313839643764306364353237393339313965643366323863626634653563616261
30343733313238373033333338356562626665663365323965373364626462636632326433616231
30376164623131343161383030323635656466646333373764376638393232616131313061346566
30636565303062353465333738306139343931303738363965353461656537666233356264343566
33383231363234613633363733376563383434623164383432306135633161663266653561653036
39326339323766663763343139653335393133663332386132323063393333646433393030373936
33333239656633646264653139656464623333633131316535356235386665636365316463623065
30313862333938633161353538363237396630353339383832643738616431363636376132333731
39666131373530626664353137636661316265626234353435646462303466316664653437393331
37653031393639343332396663613732303139383539386139346536313134393765323339376139
62636432623062323466303962343136303734646430613739343939373332376161643235643632
39393664333162333262343138393764646231333533313331323332386334333730656439613231
39613134376431376663366233313531643266616239303763663835653665343437623866323965
39336531666132373833623264353836653063663162306661663539643164326138643766616235
32363039386537643738636434376532316563363863396566656438623735653735316162386433
64646366623734383065643762373936623961316262313161353231343638316132306637613936
38613261613663633732613330333939313235376537306434653962303264373963663562343936
37656263363138653731316366363861346165363033623537316539653230646165633362633738
65616530343762666433303132303861326138643538626539623639363839336530373862393666
32303566623437346539663737396535663237623734643963353866346635383539313637326338
63626538666463393237333937663335643962663333383733333538653464326238353461363238
37356233636331343663303933373463323934396630633733333239303335633665383763653063
66643633666635383963393834333838396537353066346562363666653665636238656534346330
64663936633234303938373538666635333432643931646230666636656133363862353761393265
37646663616131343565376634303930653530313133323565393337383837383762346331646563
39646333633231323961616434623866313339343930313531343932306232373862373162333662
63653830356565623134366263616539643032613066653638373236653639656433386232326631
36636262306430646664653038326265386330303661396461613839666665613631623735346566
34653865396538663533626666313937336538336135623736626130313737666663626638616632
64623535623264353838653038366663653665666262326435613764336536383038353838333437
36393439343132303461336436336435393132666563373139356364316633633461633432346338
61343832363431313338353434613363306564346430616539666530386538373664636238376331
35623733623638393037323261633432633639346161653263396465373333316131623134376530
33636631643434386333383538323437336335633064323566653064343761613862616332363631
34373931613032353166636635366639386231323666653832356632643131353338633239616161
63646137643938646465363966393738313638306266623035663164306336373432313135353566
30303666396631326262616533346230303463393033643436356130633564326464343732616231
38323064633431636436613665393131346466303832356630613665383364313061383863346361
30666431623539313362353936616438363932346162336232393063326435636365306431373965
66316263663736336531396439356635663131356338333339376362633134633031353435386166
31663461386433373061613033393139656137653530333834353836366535306533326136303334
39376263333464383864346263646566666366346465363665623362356665626461613538656466
35383435366666656562633036333235343930613264623063383035383066383065353337643735
34366161663765616462666431636538666338616432346138626131333965316462306136343732
37656238646562666136353130613764373635663634393530383135393536333935643066323163
32376536393337626136303633353937623038326230623731356630623330393835373966313731
34323661333432653465373034636637313730373166306566303662323430396535653436323838
30376330373736643064336561353936356661306336656561643431653331653834343236333638
63353132363064323438323364626436643163636238623038326338623230376531343865346633
31666633656233316365643437316361323866653632306335383736626264396161323038653863
35663737363539663038366331616330623435663730643939396239373730323838656434356461
62303166353839386632323331316166623063373932396537396335323431386430323930316338
36373436646138643465393761393533326165316230616432336639306465616535613330383836
38313564343561653061373438636631366231373435346165656362303836333831653531666238
33346338623433316630363233633565383839653130336532336431373464646261633265366237
66313237343332633561666364656430333036393862623938393732383861393735
