$ANSIBLE_VAULT;1.1;AES256
37363361633739663731636166346537656632323137656665623630343566323962626566323935
3837306434663634356330373663396435333761363262300a366331333638663034363666366533
37623362383664336533363261656461636439373466373066613439633939353134633932353961
6238313132663431640a363930353561636661383536663731333866323661626636343631336339
35633339313638653464623236663130623038346565653338663364383335363731653261663432
31386263623634383839336263666234616637383364303564646232366232643939353939333635
37646331333962343236646236316633656365383737656161616639303033383066346333306532
38333032666134653366343066376431656433623866316538643461366134313533313762366634
61663332303461316665646535383932313961303266613233653939306366393861333833313561
34656332643664373631343734333436393833316632366637356235383165653732376132366130
35376534373332653064343838343333313737303335656436623263393366303364396533653963
39633838666163353235643732636136383665333132653036613561346539623933353139653066
34373630663236613036363863643566313962366135613838633836336437383466326233366139
37336234636438316439356636656332623036663163306133636136613964306434633262663966
32366533663838313261626530316234616433636361636166306238366337326235636537643038
61343639373065356234393331303034666434393937333838653564633665663735306639663631
64353931343862396364653765653563663933663636393166376266623531643966663561663965
62333731613839373762303635613762343961376437313964326562636462386336343465663265
35323735313233663463343133646430363262656234363432666238336235306133653461363036
61396334326639623538396662663066316161663561373238616239656363323662613062393437
63393137386362383735363366343266393730333539336538376535323064613032643739633931
61326632633532363535643039653564333165323062303431303339316166663564656562306333
61346663373132653933366563623063613831396634306463396535613465653138313231376662
39323730356562393438323634636135353633646533613031383763633134613863653837313432
62323237633932346433643837336339363735623339363536376261613965653835393633343363
64663736323934653361396333643931313761386532356465636361363266616239373632623663
31303864303532633166306535626236353332366361353864653637623236343931336161316534
61323664633863316335616566303832626336343539663633323063663035626164336665353731
33376439623839323634303437356161346332623430363530373866313464373338303239653636
37396239306136383031306535396136656663323162336562633366343966656339626632316337
63373537343765643061663735366365656536393330323830383066653137303436626634313761
64323666353862626664636564636661646131356463366437666433376539306537353465316264
37663665343235376161323934313939623664393564356234343537623665636335353536613333
39376636306235343433363337663337646537353231653135353961396566356238373762316538
61616161343234633063346461303264313439633163616562303031623237616166366633303739
32306438316637366162656632383538636134373863353235303661653936393031346634653664
65613662356335363835623736623461303165343366613561313637303866393664333965313462
32393932356539663936396165656439396165343462373163336664306232623862343033393638
65626663633337313064383531643932333436383932336466373435343262643239363061323835
65653935633565386337346266353038353565663834336238623534353163303130623138373134
62396561336436623261646235333539316165353165366539343534376130383430333166633530
35373636363962386139356265363763626362383166666437616339613261666638663063323733
37373062653034623032623766343630626563633865613361336165376330346431386164363832
31386363353730396161316263346164386563633763323363356430356665356431346562336630
30666433623062656332636234363534663338623334633838626162636634386636313638396130
62303234303233396233663732393938613366383232626330613465663433633630313337353532
34626665306232333036643334663232643334633931613636383339393936346438343934663665
64636237336337353034303532376433326530636430666538636131363661653531326330306335
38363137343761366337353330653633313236333339353737623765393638623862383835633936
34393035393162616231343962656438623030373063653930653432333064346663636434653161
39363038323732383264653264643234643264656566396231333461356266306364373863323964
61316662333065646361306233333538333537356361623664393331633466336432616232316236
31313739383232353437623932313931333838646237343664636239323035356463356265356230
61663136396665666632343766363437373161663364306264633962353363386132343064636433
30333861616633343233633464623063346164346536376534613939643831323964353330393434
36633333393930383663623631366166333530636532313439346462643365346565383530373839
39656436616138336535336235373461363664666130333633303435376235303533646539373963
30666235653339613165656634663566646435623162393030643765396366393764646663633263
38646161373963366232666364636533626461663236646134316636383233656466636565373861
31373334643138646238386563343130663339653961653366616433323263623463653864323965
66643134333865306538386161333366343533616566373361616534643835636162653833623538
38313136613230343838623038313966633064626236333130303138316663613064363938356261
30643439373237613136623738643936623938323936643935343961643662356264323565353966
65396363356633646463303161653535663131303864633338393336653436366130393633343764
35613466326236336335383530386163616433356238646430666439626436393633626365376232
38643266643464376664396466616462376431326262393462656336303531613237333933323334
32393566613666623563643163636430623034316465626433313762303132613737343738323235
37316361303964616163613232633866373162303839613137353066313466366361646362323534
33356533616634373266396230393131313430313036383237326464376237353934623634666433
31656332353235343132613566613561346366636263356132343064363162616138323439383666
30333337393261336336313334373663343664356562376563373736363033326631303835386330
35643638366433326565306230623364353162623361393664323863326466326564613165356166
38336361333039353363316365353565396136336334346361376163633134386637363065376365
32383664333161656235356636353766613161363861306261313630653831626539623836363939
37663536323438393062306539346531356439363636363535306466313465326562623265333139
61316235396238346332363039356536616361373665363939366363363831636232643334343035
63643832653963393934313531393661346531333838616239626132383937316164613435386332
33666633316539373661323834646661636638343332303539393332623663383434656135303831
32353234636233623563346363353631396530326464343663353335616465633564326662326332
64363263653739306666613066366632313237343735316636643636653265366636313639643061
34373065366136323634313565373963373333656464346434386462386536343534323531636238
39653932376637613937626632343139323638313938343431303665663536653732663133373637
61343931323135656131323337656639396232373037623861396535363966326537643630343361
30386135336133333436326330333664363234336566393138306164386435373033663265326637
30336436633536356138393237663330363138626431383232636138643863383635306332636130
33363766633963316238643032383735353732613138613866313662366566346133653332343161
61313733303066363734373838653437623134326563626532363361316238643364323633356661
62303536633530316237656132366134373964643966643334646638393036353332366531653461
64623136616438333664623536343064663734396136646439613264313535663935613838373934
38393961396361336161383939323139373536303962383466653231663135663264303039616333
63373434343039393465636561306164326463346335633238626564346536643363323036366163
34373561326535343961643335343664383335303062373336633137343530623065313639303562
66363434346139346134623537333436333130373163633331363139333362646434376231313133
62336439376463636439323536306135386562343436653034613561643836636338613763343434
34616637653765373731646265316439363437626430643361666130323632333130623338343634
39613930616161613535323436383266356639353539636530663361636131333734396266303633
31643062386632636230393863623930656532643765323934626531653132396565316330366561
38343232353764626531623936343135326661346437363565383939333830633362393762663037
37333333643434313134323064643834373938313963303266303032333964363133643730303963
62313536623166326636613330306339323432613163613736326561373235616330643937376237
38383732333232313432616230666266616461333239643132316166303834333331386539653938
64643166623139653264653862636664306261623835383639326633396466356633313537636436
37306264373537646534633834653537306535653964306233306330303130323230643538666162
38323537663835623837623638623565636230343635346431656462666239393238376161323131
39633465306335323362633934613565343436653563333633343330653834333639336431656431
61663566663764623464343836646236336462613938653061336232313936653765356339306663
38613938633261646535653763353133336638306331633761373963633765316131393738613166
39323732323836636535626135656434666230613536383932376336393132623237313035356639
63386133613537633039653736316363643530333735633538393766313234386232636162356434
39656238393465623964633439626336336135323435373431666161303564366465633438336338
65663936346337656432636161663161336439663137666564356532393663383034386561613533
36353964646637316631646165343538613164666632643231383539373833323430386564643833
65633333376263653861666461303836633932343364373039626161346338656564353631623562
61646639613737313231633364613635376634626166356636613438366664393035323764366261
33613039376633346338343538373634356435383261636430396138373933636136626330343134
34346130336334313561316338383032616337623034386362363936393137353961616565366330
63653339623465303462623739623261666461643633636535333535646531393236633436353065
63353263383631373535643065633335353439633533653533636234656231333832373339343163
31613431353062316164353637373038323962653835613064643337366464383532383134363465
39356635666261346162646530613232633863663338656333646133326465303038343430633766
64393562303634363661663430613461386438363330613264646630306539623362383765326161
32356439616438346432333335356561326632393231646236376332633038636439343761643334
32353537353234656537306637333336656438383861386262343965643866353363393337323333
31656339346631356266653639303362663563333864336265356638643031306265613364386436
63366464616662656437666163653630346462663864363966393937393632656432643632626165
62656130323065356133313537356535363439313537663565333531663531393865373035383866
33646166353563313961643335323661356563353462623461343233343563613133343630376562
31393238386331636634313061666563343261376238383332343666623737356662343332383965
39396130643133306633653535316537343338656263323466663033346263643635363664373837
31643130326234616330663564393231623465343266613665653464643838363933356132356137
30323364333162623935633561663066373865306466373338656531396161366131653235363839
39653830613439656432616662653331383636643939333864316666393130663137623637376166
37303334356632306532333436633066663466656131313636643833393132326231633764653436
62346162643562653564373131663963626139306365386238633433633665303637636461333061
39656636363332643764623132373138373837623864636332656137323561383436303061306636
38633564663463393463386162613361663031383532386564316261663766393439306633333336
62616432303335363366363366653663633238363335323031656334313138656263613064323462
62613037626163616361616364363633353064343839323934396530366664643836333933393466
35333430636264386261643262393432336466666133376661323434383865326263316231613863
32306630373230663539303332323137666565643731396330306237653739343637303461326264
32343066356435366534313939336632316432393764653265393662383636633335363930626538
65356339636437333761363537356666643563303537646439643830396664666661303139333365
61623235643137633334383332393337326565363730616132396634313530376433393562343530
39346563356236323239373033336235303335613766326361363836653934623563373631333938
64333038636631363037373965303735303032386464613834633263653533653835316532636465
61306532623335623933393661623661633633373334633831623066323365633839313330636239
66616162626334626465623136623130616137663966313164363536336536623731613036643863
66343238343932333533613966343736666664623333646535653739613337383135386531653236
35353865353433323931383938353734326131393934636463386362373038646235353135323332
65353063346131633332356538386131346661303230623961623038383665393036373464633136
31653761343765623930363235306539663137333337383035653663303861343663353132363562
66376635666334633033623039363862306536653633316533646330336265303138633963346138
37336164666562336230623261343565356233363630343365313439353238333365336235613865
39666261616133613334353237653566663638643063653531323261356339373964373632383662
63656361313631333234323439346662316631383538356139346438353834626366663662636264
39383238356162626339623831643964663062616262383239656362623364343663643861343865
33646630633536656438343932326565663735626231396363363366303139646333643166646230
35323032343731323665636438643461383963626139303039333462386462383362393838636639
61396534356231356136663538373933366533326662353966323162393339636536313165396161
39656439656534643834643932613430386666393333346434396337636333633363396534323462
34336631343064336330626333326333643639383862633632353931333334643962653831353665
65353066636433386632356662643665643930303862383230343536386337376131393165623330
37306239336234363235346661376562333564383533393263613635666139663335383462383864
31333164326664363266316638386134346363313137303437663835636461373439646338343361
33656134376439633762343863613464663865346361393937663831626335663330656131656566
65383137633931353437643966383734393332353062313431356136613737343165653461363766
30633339306239383864353537303963323035643461663133316138663834316335323633656236
32316661616439316531363438303231633431326433316339363337613566353538633336643234
31393766646463306134303930343537336463616432366137373166303665663334396535646164
65306637643132613937656463323065633561666334633039386362656436653862616130383230
36646166663833646663366630623665356333336234636361303364333231643364396433313738
39356136633330623131366539396436376566653166383862346264336662386230356231613666
61656135353061653764376464663765656133623265623564346261336362343837
