$ANSIBLE_VAULT;1.1;AES256
61306135383031323134333738663834323561643962633637646238623538333935373035363463
3939646562353530363235353766353336396530343462310a626361363062636430343063313431
31643234326332313763353030313830616339313162633536366530303637353964366337343936
6663373065636262630a313466653134383064653236356633303630393934353837303731353561
64386563316164363761313434343335323836306365626233316663373031353038333331663761
61396634333262613031323063643336656538343263396431313430626534386364663634396562
65643530303032376531653763616334623535376661626364313534656430633064303361653036
61386231303165326230623239316538396139343437326663353965613334336438386563363233
64366163646137643535623839643930336662383535306461646433626536383262343339353339
34306536623934653761326531373033323430633633363639343630346231393230313034386565
62383838386634316236666565373336373263663562366631303636633331383364666534313730
36663234356132633439393764353433353532306263336130623935393965633139323565303035
37306534303431316338313536306664323132633434373330663939333566326166386464323330
63623334303565336634393938336663363634386437343839616634303833343537373439656434
35306462636262613838383761333133626635616539376464393134373762353038613133653663
39323031663465643534323530306262613038653630383662643035323236333766303237386239
63666533623664363266653639653239346439623361313137373538393637353463353237373937
65376637396134613031303033366135343461376538646435666265363238336566613864366235
65633866306535613265313362333434386466353662396334613038636537633130663464383236
31666234656265333661663661393332326634323732643065643165626636653134623535393331
65383230656663346530616463306162343738363833343434346164323065646130643135316135
64313634613461363935653264616537623839336631363166383666303834343334373839643664
38646165613830333962333536346663326638636532366661613434303635363036343730336461
38616331653134383430303130386162353632313362383264633961346161646337383666643666
64343363373931653433353331363139613637633135316239636131353237656531376463633564
63356136646532656532353061346162633639666666313663343134626662646263616232613635
33306532383034346534646237343634356166646131383535326430363938333033396537643838
30653762343139636461313566353361626633356535393438333262353864646462303566326130
64643562646634323930326131383066663232366134643737353864396165343766663534313866
34313133383464333934653363336462356134313234343539376533353638353335643361643236
32356132616538636639343832373361323963353137666564323133623936616135343130336333
30336533313064643738373161616236303534303730306265653736623138306534346336383662
62656338396535643138363035636563383630636433366130626164303333383261326462646337
34653163626130346339393732313363613365343837643438656461656136653337373862633939
65313033316533303036643166616238316437633938373936303966646634343039383637656465
63656538363230366234633964666232393534326237326463393030656634656635643438653733
66386463366432613061363066623339336138653739303363626230636566653734633734343166
30613133323762626662616361326531346263383736336433663231333538663936303837636131
63656436613765666330656537373332623065343931373337386434396262383733313232353935
63383661653463336635386564326135616335386462333534663736346663636139646631333865
37363138326261643362303233326130666535313364366337646165396538333966313935376332
32613362346334663264303636653763613436633531633432623930643638663366363163313635
66343763346634336465633433353439623465316661623065656364386334393239346234663431
37613266343332353233363464656664353064376134316534633139316132613065336464613131
61373465323865383737313538636534383763343939316137343633336261356531373366353831
66333762373239613237353766616139306431613563663537336163643461643631343935356562
62653034333939666139326564343933303065613362616666393164303730346664323565336361
61313733323839333135323133303739376636616533396434643536313532313433653665313038
64333836613933666363373038306166663135323432353663383031353362646237343264393137
35613734663334303635373434633335386330393366353031636433613333323838386262343266
31623437333432346230383766373637313461333432356530376165373261313630616130633034
37623666303933326564326435333165326361616336653538353538623466306438633963383638
35646339623366313133383335643761363133343765363236613265666130393764356565643564
31636336663531393631383039623730333966643565663939306338616166643332623462393461
38613631336534313236633764653930663435623730663835636239366466383063353632363263
61623834616361306563613636393035323561613934323935393831333834336166616361333535
38353134633636376164643434306231306538353139323965633866633638656130353237633162
30363665623832346132356366346463313733633039326631343764623430313861653630343337
65623165663962323331373664353064616435323738326434363735663738623236373962376134
66323033643733663734356566376363653264666334333331386339326538663964376536386538
30306463373536323830323564316131373239666665633739663035633930336366363933613038
63666632346463633038326561653939363464636665356364363736383839363035393230373538
39663531646364393634393335393765393866303563613061623430333166366537353461383764
64666664363831656464633336303930636338616364316436303739613835376462383931616230
63653031316266303032346337363062313237353436313235303765323733323063323832353939
65313733323037646431633365373064653234386538613839303761613639623236613731643361
32343565383936386531616337616662363638313963616234636238323033643539373932313231
38636237313765363032303463316436653733376133626335343233363438386633346235383031
38333834613065303164306535343937633037633838623665373332343437633831343565313131
34366433653635653337313663333639623437386431623730366130373265376139636166353565
38643865613933383233666361663832653331366333303763633865376165626363653534356131
66353635653264646431623366373130663732386537393465333633656635346633656464326230
62656434396564303933303635653834393133643230303563643664333537373235303732306664
61353230633439663566346630656234346633373833643834663362666231353433663266623362
31396661356636336332356532383036656231663032633634326639643837303662656663646231
61393938616366333366643337346535383535353263356439643462383536623532626366393064
65313663383334373532626536306331316436666461333362363036373430336338386261336431
31633264303630333964393130643131363266363338323862626433616135623335383734343934
34396232316537313739356162633534616662323665326532623831396562373265333537366231
38383734363466326262366466323435336230323635353436363234613866373930366538313936
65363564326131656131656335396634353330313231373039623766343065643566346237356165
35363134643436393932316239643339326434623034386164636466336539306136656537383237
34613162306632383336336534323334626231646663646332633339353335643863663864633434
36646265646664616164666436356261306231666136373539373362626537316233316437353263
64316665353637346330616232386231356439353238303366313137636230373532626161356638
66343134316664643364646636653963313131323965383439313337623633393462623064313134
33356437333831313830316434333832366139363965353862633230393139353131363361323237
31613432393762666333633863396537646431666137393430346564396433303463396636623636
30343166363530333136366163366330306363636232356439383265306630313436336165356635
35316639346133366539393964393634613935323032333235616332636533623038626666663366
30316430323830396630396663663462653063313430383535383563333163306433353965386134
39336166366431363234613963333538623163393730666137373962653330393462316230336661
62353265316235323035336234613766306564666637653530663537363531333930326237353732
37336536633838323737316239383631653631313662386262373366386638373037616463666232
39356439646463353737333263623439326330663366313030636632316562366464643634623438
61633536616562373236646637303665316166373536626334336338666637653036616139656430
32353865343965623764356264653235353731383635376339373230366465383661616538336463
62623231656539303061663933386532643166343439333435383436646364656564393939363938
38333331626337653938373162616237353664646366343665323661646636633335383036383230
31633039396135623438333666343732343765316265326634663233653565313464316637623636
35666531613132343237616565363235363337376133623665376561363133623835396231343235
31346261333463383066386337316263643566303437636537656565346134356565383061613466
36393033333062306563366634623630643366643432626433356436396638356333303039366430
37343561373635653065663066326264333162633565646435303066653561633631366236333734
36666533306637343437373563313731653332613632623731613131383862366533346131626461
37346235313035373432313130313565653336643434633766636638653832386333326335326334
35333930376266353234616638663836366236353039343162626330336464643135383933633564
37303661383836373130343331396461653938346637316337316664323764313937336533646138
39373738353737623565356238653838396664623830306266323430303835663033623430613461
30613434343535383133626365383762313666653664646434383537633730646263643534646236
38633836346162643237366532323731363266376565386236343935633865636162366630323661
35313330633339303364396234363234633161346133623830653032303263366235363934646534
30386463663637616633326565316236346638373363356336356336373662626539383661613639
61316365393262333637326636643333643736396161393831633737633339326161306338336531
66613161623734336234666638653862646464646333303136643331616632393037306462353533
34383964373963616365326533656430653939353232663264666462633739616438633731333966
33333034346465306439323862376331376564313532386436356236643863373339663964663730
33393462633233313831396132643432386134623631386531626565323264666665396464396539
32393764383134346338353066656562653966353431303337633336613230373637653832353562
37363234353834613864613566643832633430333364366638326333643330643336663536366233
30633565396234623536636231646638633561393136653866326435343764663762393461623634
32313465313830623066336466663630393931363264343265333136386566343332663262383939
31373432393231376430363861393065353935663330376631623331343761353062323533323838
39373133383365303937663864663439336137646335633132616531396465386638333463326562
38343664343431663431336634663533356233373836663937373264383132343930396166386632
64393966396239326636643164663436303863326161326237306638326134373030373832626364
33633433626137313431303661323162303065383363306238623633363561636233323666383239
39666330336561313130393061396165363737626636653031346561643936373035316434373735
37373836393739383766393937636432373561656565616662343034623434666531613531396635
35366465386434623233346339323032363633313734333036636230396464663063633734383637
35333139313533366262336437616132353963656566613735313962303337393430343062323361
66306430643033353434383663396165653638353234303434363434343335636461633538656534
66656363306162396536363938303162633530376532633033313735396536386636643236646136
64313433393533303262623365636237353732653733376336653739616230316564636662333936
39376662653864323938393962663830626464366132356166366438646435386436346664623134
33653633326663623263356535633366393939323463646365373635333234356234373037356438
34313263613736313033313538316539313261633232643565373065613761383931386132306363
36643565613239613962393130653861613436366331326562376637373161333235623663663166
64323137393636303665356633613432336330383630336365306230306466323432646330303832
66346137396330656164643864353033336563636165306537373934653233326261613237666562
39336530663637336234663734306263626237613135633639623464613863336539613735333133
38623730303063363461336264343235643132366664633563613337353161343162383831656132
32313234346165313631336630643461363330633563346534666131353162393364643165373132
64656663333537333136363063353439653661356432616336333265616434643862366564376562
37633938326361653239613232613162346462363838326461643666336265363238623562616534
64363034396630313332346463303630313466303139316539316230303737333862653437393230
37353733653166623163303930303662343231643536653064623533393764653633396638333632
66346130323761666465623933626330636465313330396536313132326532346564393433343031
39346234663637366330343230306336613962613463346531353863333738386132633063393062
65633963303331663438316539396538323830343031363466653734373532653361613364366139
36366462343962376131346564373638623464623562353937373834373238326632383339303332
36316263613364643135316434666633323364663930613963383331653666353330653637396565
30333333396264383333356439346263623438323561623834313037646132326435653966386461
62663230353564343733393036333264353437366231383466346266623637313932323139313235
36616461353861623032396130316663383631306264343735346232323636326534333966326634
61326639646331373264623032613165366564396639646131653633343631636231393637626166
64633039346662343931343134613535663230613038366639336334356536656465343761633766
34383831343838373963623135653131396435376363366237356431393535636132393566336336
39393765303435393832633037386539633430366162653561303739326337626564393430633032
36613437343235663036333266396432663962376230613462626439346639333033666537623665
38356263383530643766633065303764303132653531343164643637393161326631343831306134
31303865336136326237363263323835333934343139306434363662653934643461343836343831
30623663613665613362633435386434653538373632313761333265393430336237393233396363
32393566313063393538383437666165393562306433313231643966323837333432346539643863
64343031393266313833396533313562613732376535316366656132393537386438613530303966
65366463343736613135636163616465323530336435626437373431333239306461623463353265
36393165376632303763653566646361663063316163616136333563663961366538616564636464
61656336363866633564663466633034383063613333656162323163393961626232356136643266
38323261333761623937353836633663353032343165326564366231616532386139323164636535
64343961306338653630626564353132316235343134633238656638333661333737373661626637
30393733653165343866346664623266656338333338616161316333666130323162383438336261
62383162646536333432616266663661363165336664643131326135366637386630313438633737
33353837343232323530303064343430376362666566346364616565656632313436
