$ANSIBLE_VAULT;1.1;AES256
30363033366139643238393730613730613365373036373037346436613361626663613138656166
6365393565316537346639376132633037303736623235630a376663356666313137346434393466
39313234356261653161346234653564663064356464343735373333613666323235663562643861
3239393637653465640a326265336330366162643132366431336138613938323034653566656261
35326466346132616536396662336365363436663264373766666462383431366463633035623463
38366266643133646235393534613337316534363436643363393265636661316134326437636239
39346434613763623030626539343266626336303439346362666136333461626162386234363139
30663438393362383733303564336466396631643665633634396130336339353338646535366239
38653232306338336566646632303539303833373064376563643430326365343364623062306334
32303235386234666535313730656431313335646630306130376235626536333331323464643934
61646165346136303461353438373463323138343931666664373133316534663664653534353435
38666565343739353435386138666532306264323230313437643564303430623461656462646634
34393333623130663339313332383834626233323339356565376136626633376164643265333536
35666466343034626433643739353935623764643932613966356437333935613035393137656233
32353665363334303965356165383730613532653535303837303866653638376136396265623832
39373866333638633161363461383831363034363833393664363930666530346361613863613565
35636334386162323463646461343033643064613863343837313563313531316131303062613733
38306535613461343364363635316633663834303732643164316138396136303030323461653733
61666663336566633661323736343232373764636431343732363135386434663236373436633839
65386361633630616333363430356563343130306330383134616433653935393634333937633637
31313862343966666564386431323331626665333834326630363762346361343139313461316539
37373234626332633262623130323864316462336535323039353832393566363930386333356663
65346536363263306261373162666163363630613131303239326136316265636236633838303166
61393763383136323038363064343161666237643865363435643462636535333639343337663132
37336430653766373563336237303862353531323938656131623337333261646562323561326632
39313664316338376261343939643563393232653834316636626463386632653032613261323434
61323737613238613862646133306335626336643530623030323834396532323862333433313262
37323239363535383634666137393332613363323333653635633439393766656632303534363865
31393533646263366239623233323431316161653366303033323065333063353162313431366266
37616361323535633731316139623932366531366130613765356538356630343635353666306338
61643138643332333537656331303263343966663538373832303539343638613637653238353833
32636634326563303839636637363664343734393233323435313137313238356237653065386537
31623434623766613766343031386331653637623364313237666139343339306332383264616434
37653230616338353762323937393265383663356236646366666564646362393431396236313839
38343466326364373337303730363065646566633361313739326561313332316433616238636162
33333335663263393638616233303165613566326461303530353363353833633564656266613439
61396338666363333566643862336435376166383065343661336534633963653762666361323931
37616533636338633635663964636238336137326562636134376531326336633832623532323564
64303565363861313530623832633839653239646332626266376166623137336433363035633464
63343034633739623434626163646133396139636637356666356231643464616532336564343333
35323864333133666166646534333638626238656334653732313663333937636264363937633761
33353563326135363562353334636261316163346332613630363563343231306163646235626131
33646566393532653364663661643532373263633361623934396664656339383139336434396266
61346263363532656236333363373239306235393866663365363835306638616131333034636136
38313565383563356263326163623963393561373933646334656661343863316465373439653036
31323434353263376430643261373339613433313133643536336164663364303030616332363333
36393238656262303631663164393465326562353266636561353436346530653332333261323662
35623863343031626337633331333465383465366539616662336539366332326561373335316166
62353265353463346537656533633638333235656161346630626262313863653236623632316563
64343431383765343837396433393662363666313464336666343739313737656466366534663033
34656232356232653764356130646137633666316563626261646337613364333961376137666636
34373565646461373561383331363535353137343933366532306332633130663337366335633739
33393164313434396131353639313934373131303033613633323033386236376130383062623439
34353765306434333864306238373230653632356636656133333931636366333739323264373539
37303035633235653930353864643434353864613038636432373138383736623533363637376233
64303632633762326534643835396134316331303530393165313162316664643561363735386230
65616239666238373339666339313037363133616637656566636162383066303139633236336137
30643563356232333634323930343533383230613135333739336339333334373263326535386639
62373539653636663839373936386533393437343930646631343733633265633431306239316135
31616430383666386233373232376365323938616564366164663837626239343865393163346431
35633331636533323738396534333534353932333632656131306263346331316263393665366235
35316561346364356365353034356137323135663362626164353432666138323532646139623133
30613131653163323737656334303861396434636664326535626633336234613862303861633432
63323539373961616162303335333936633534663237353336356232666531396235313465353638
64636361383539646534343433656365396566393833396237633931663564303435613763613433
32336238366439376536626437363635393530363736656339393266663132303235303764373662
65363066303730643665663239353565626433373336396137306432306231363339623438343739
33613137323031313062306433346231393165333933336434616635316335386532616330663435
61393866623762663836636533303664313933623039643962653636623831313831623764366563
31323339306464326532393038326333386235393433336638366433333266343938653366663263
61643436386362393432663237363163393136363438633965373939376236373735356465333133
37663332356163326565393561386463376264306633393130303261313034633039623661316665
39663463636434333465333033626163393739663264643333346139613435353464653465656230
65363862336266666135303761613236363964623961663134303766303732616630376434396637
62356233343238303865336662383830333533656161313836623934326234373630616563323262
66396365336531343437343034303233623539366436323064626639626235346261633763663866
61663639376365306466613564663535633835383761373365336161386632353537666235613765
35353063656361303138613763373234323666326362336435393361323962633036333639386234
30613361633065346662643535333031353966616165313336323335636465313263613230656530
62653265633932623035373937393563613864396531393330356530383164313032363130336337
34346239303366376636343934383039313664636535393539356664366261353837353366363166
37386230366133333939313563363539623364393130363035326237303638636237653433323032
61623064333265663531373837323031343132666134663261653766396562623261656166633266
35373861646334373934323239666532323165616634366130646130346266323132376161343465
30646164336164326530346134303338666432376563633731656261623339393461383036353464
39636631306139623532326636643534646234636336303765653335366464623366646339313338
64376663643033623031383137393263356462343933386335326339346332626564383538386437
35336331666634636633353565633335623838306434326261666332323538333061316338633439
62316333303064346363303263346664643037326161383564663465393330666536353162396438
34303962393539393964303131323863663537613139643066393434313661626630373465336433
36623366333433646436373332623564306238633462656161336363616631666139333539646266
38666337363634373637383865363339636130656264653961383732366531396338653431646665
36356362663038333864383339396634303534633635366233666438666465653563653634386331
37313634323937616536303565666231386530336331313365363235636462613230633033393163
32653539316537346335363666303232356465616562346339373536326261633733306264363634
38333965633937313062653963306432323365376463653437376131623837323431653035346535
35613638376138656334353366303662306361306263353734643566613632373164396563643536
39633937663534616533303238326332643965326363616130373532623862363365643036323538
61356530326631633930303933386233313365653864333463366164346631353334616534646630
32643764323538643539346130333064376632643332396661656164386662396232643136613332
37323963633637643464653866663839373631643138393730363436613061313132313530633334
64643038353835643035323339643137393333316336313562643233653261643037666238303561
35353363316533346131376464636639653763326231613631626336373435373461343138653161
36306232623531653434346461363339303632306634643961353063323033316363393162386262
33353539333638633862303439623437313164633665336531643162313264343035336163313532
35346362646564306231653438323561613239646562626436343131666433336130653861343161
38316331373832393637626334646638343137313530343837333433663031373930353437336664
62336434643164353663623532326539346562316536363161326264336362646162356665303339
62653738656533656235346562343731303663623430383038336135633666333836346132623331
34626639646466646163333166353465333239383131623138646233393937346234336430663431
35643432653866353533646339353636643861646630316266393933363166363261343562303565
32613165663031326438613565303666646365653034636339383863666132383464636235653533
39373963313135633732626566353133393737316131373931323134303735663930643862653738
61656661643265633162363266366533363332653263306332623437396338363631613963623536
39363863313538313931323833336634646464303431616535303163373236323533626438316666
63663839333436613634356563633966616535363032316330366635653634613731333034643830
36346339643561316231616266306562373362333437663631343933373964613363346336616362
64643134383436346666363265303062313966633836613639393534653162366238306437366663
30643631653133666635633739636665353566636133346362323636356531306339656537326235
66383131646562343731313734343364643032386338303539616337323330663564643834313133
31333963316237333338393063366637303838386134646636636232303333623330636535373861
63663038613234646664643238636465303832313036663363343565636163313065336432353733
33336664346534393966623563363833323163633132343433316665303332636237353133323765
62623135636538326232616235393838306533326364626334323530383562313534353536663736
33313836396239663464313436646439633838636439376631636361393361336338363734386333
36353965356236316665333462396235353236643036653962303065393166626333633161383533
64643461303632376364383634343936656566633061386339393836363663303833656633323836
36306139666535656230336633666533363838373363383336666565626336666332383235363562
32396435313437393362333237653135313165636265633030313063616132366463333135356630
30313565323762373030663534303765323732666663376134623064623332656138306261383837
63376231396630613365613761373162393561383566643961653535356437616361626366303035
32396362623634333132366230643365643532653735356330636334383431333233623732623336
30636539316463623166396132303265323233313161343062343562356662613034393063343863
32306337333463313738396335633930343162323633623732333962393836666237303432643036
61316161316338306166343232323238306138643737363137373133643130613362323835626339
39353337666362653035303562666261663366326164356136316532623630663533313439303937
39393538656665626363656463623265346539363238623539313763663564356434303263616162
38666430336565623234616366313933316630633036383664663639396136343633343436336339
30313962633933343566306466636635353433313336613034323731666330373930663565333432
33313532343638616633373535353637663262633264383332626365643333656662643130386661
38336630633730323338303935643061613337303366343431616666626632663133363361333864
34393237633534333336326265313038633131643633343433666139373964663638636666643534
63656163333862353263663962376633373163303536396535383034613838636333363732623839
64633962353963356430353035356230313239363033656332346130343638316266613032396130
33323963376437336435303666363862323936623532633665653733303633653938333430303764
65363839376630356263343364306231383938333466636163313937366432386538323865336332
63653861313462613361616362353861356435666262356435616635633335323430333064353439
64666133656665613934353566643931633765626536653836363264633862623530326366633134
34396461326537353236353836396433656230376335616530613235366434343162383036613137
33393137633031366666633432366332363632313862373536653732663566626639626164666138
31613636333864623561386135383063333864356663666333313839613337626532633931363135
62633230323464336132306639373632626633383832653665663962303864333834646162386438
33356538326663393363393834363334323231373866643234633965396537653835373239316637
65393435626235323266666462333734366363336661396661383463653766636435636264386234
65343864383564323362373033613761343735646166663139643366376165353234383834366636
30333363323533656263306535626464353361656562336665633163333165363863663163313233
31616534383736616234373138333236313831303537303663663736623631653234363634613736
36363663316135663137623736363461316235663035353436646636656232626563623637386439
37393537663365363162633630373362646363613830656239636337383033306631373734626362
36346438646134313733616237306337633036653030353265616636633933353662666132633434
66353232646332323661666439353366316661383738623862646530303564323966346663306632
33643236343734643031376237306162633838303065376233626361363633333862653164303164
63656464623630333634623663613138373964353033666639623136616563306333393134643236
65323661653036326137303964356562616133636638633333323631393066323065666533326365
63343163386238306565643530616337633635623962386433333432653366663832383738383166
36313466626161363466333364613263353333616163643932336637623266343762393733353831
31326339333732393736333532313636643461303166373866666533303566333938306662383737
64643638366333383538333736333030666536323630313837656461373333323938343565323932
38376439663732646533336361393938656264306335336636326538643632633734396432363265
64373737323736356235613732333438666436663038313637313063613562376539326434663331
62356136633238656437353433633935363066393365346130356336383266653865373132333438
38616137373332326165646264353164386666336638366236326465616565303935373862396466
61363564333661353164383830346461663263363136376563633138633863616534
